0 435 548
0 669 560
0 599 669
0 599 401
0 599 510
0 599 376
0 599 570
0 599 536
0 599 573
0 599 622
0 599 444
0 599 367
0 599 504
0 599 447
0 507 611
0 507 676
0 507 613
0 507 375
0 507 639
0 507 426
0 672 400
0 672 550
0 564 520
0 564 392
0 564 376
0 564 438
0 564 437
0 564 428
0 564 429
0 564 447
0 433 531
0 630 524
0 378 630
0 378 820
0 378 460
0 378 465
0 378 576
0 378 469
0 529 401
0 529 438
0 529 511
0 529 783
0 529 477
0 401 669
0 401 599
0 401 378
0 401 529
0 401 458
0 401 385
0 401 471
0 401 427
0 401 478
0 401 376
0 401 438
0 401 635
0 401 476
0 401 406
0 401 506
0 401 387
0 401 558
0 401 607
0 401 682
0 401 524
0 401 549
0 401 443
0 401 466
0 401 426
0 401 423
0 401 368
0 888 609
0 888 554
0 888 686
0 711 451
0 711 428
0 711 406
0 759 599
0 759 438
0 759 428
0 759 429
0 629 402
0 609 888
0 609 389
0 609 407
0 609 589
0 609 360
0 609 809
0 513 513
0 513 400
0 513 701
0 513 399
0 513 512
0 513 463
0 513 482
0 513 360
0 513 508
0 513 366
0 513 361
0 513 368
0 583 435
0 583 599
0 583 376
0 583 431
0 583 683
0 583 476
0 583 610
0 583 475
0 583 384
0 583 423
0 400 672
0 400 513
0 400 525
0 400 550
0 385 431
0 385 463
0 385 367
0 385 384
0 445 390
0 445 701
0 445 456
0 445 418
0 445 399
0 445 376
0 445 502
0 445 442
0 445 437
0 445 716
0 445 411
0 445 453
0 445 452
0 445 567
0 445 873
0 445 608
0 445 387
0 445 441
0 445 384
0 445 426
0 445 398
0 445 368
0 1111 970
0 1111 978
0 1111 1009
0 390 445
0 390 427
0 390 478
0 390 460
0 390 516
0 390 495
0 390 476
0 390 388
0 390 398
0 390 368
0 864 918
0 864 570
0 471 378
0 471 583
0 471 611
0 471 642
0 471 478
0 471 376
0 471 676
0 471 438
0 471 428
0 471 576
0 471 643
0 471 368
0 579 609
0 579 407
0 579 871
0 579 577
0 386 609
0 386 422
0 386 612
0 386 389
0 386 589
0 386 623
0 386 372
0 386 470
0 386 426
0 535 513
0 535 400
0 535 392
0 535 376
0 535 460
0 535 397
0 701 529
0 701 445
0 701 371
0 701 463
0 701 795
0 701 699
0 701 511
0 701 402
0 891 621
0 590 512
0 590 375
0 590 679
0 427 401
0 427 583
0 427 390
0 427 579
0 427 427
0 427 510
0 427 566
0 427 478
0 427 438
0 427 516
0 427 404
0 427 541
0 427 480
0 427 463
0 427 373
0 427 375
0 427 468
0 427 595
0 427 686
0 427 568
0 427 360
0 427 366
0 427 461
0 427 631
0 427 443
0 427 380
0 427 426
0 427 398
0 427 423
0 427 368
0 399 400
0 399 445
0 399 392
0 399 606
0 399 795
0 399 402
0 422 864
0 532 457
0 532 535
0 532 642
0 532 855
0 532 421
0 532 454
0 532 367
0 532 951
0 532 803
0 532 423
0 642 721
0 642 876
0 612 918
0 612 611
0 612 375
0 510 744
0 510 526
0 510 451
0 510 567
0 510 558
0 510 508
0 510 367
0 510 384
0 510 447
0 510 557
0 510 423
0 544 520
0 544 494
0 520 371
0 520 476
0 520 651
0 520 524
0 520 429
0 520 758
0 708 710
0 708 952
0 392 564
0 392 513
0 392 399
0 392 376
0 392 431
0 392 635
0 392 573
0 392 437
0 392 428
0 392 393
0 392 450
0 392 454
0 392 360
0 392 508
0 392 366
0 392 461
0 392 504
0 392 414
0 392 447
0 632 390
0 632 701
0 632 372
0 632 384
0 632 398
0 586 545
0 586 645
0 586 497
0 586 469
0 478 378
0 478 476
0 478 413
0 478 477
0 710 708
0 376 599
0 376 564
0 376 401
0 376 445
0 376 471
0 376 427
0 376 392
0 376 570
0 376 541
0 376 432
0 376 428
0 376 562
0 376 587
0 376 412
0 376 360
0 376 615
0 376 461
0 376 443
0 376 447
0 376 423
0 766 1111
0 766 438
0 766 741
0 766 803
0 502 711
0 502 445
0 676 471
0 676 545
0 676 451
0 676 563
0 676 497
0 676 369
0 972 902
0 438 564
0 438 925
0 438 401
0 438 554
0 438 676
0 438 480
0 438 437
0 438 444
0 438 876
0 438 558
0 438 384
0 438 447
0 438 368
0 408 418
0 408 410
0 408 519
0 408 506
0 408 482
0 408 381
0 408 368
0 460 390
0 460 541
0 460 526
0 460 389
0 460 440
0 460 713
0 460 384
0 460 397
0 545 645
0 545 497
0 512 434
0 512 601
0 512 463
0 512 375
0 512 406
0 512 841
0 512 679
0 377 404
0 516 390
0 516 427
0 516 438
0 516 480
0 516 476
0 570 683
0 570 571
0 431 521
0 431 385
0 431 445
0 431 619
0 431 376
0 431 516
0 431 635
0 431 428
0 431 454
0 431 367
0 431 504
0 431 429
0 431 594
0 431 447
0 431 398
0 404 427
0 404 667
0 404 478
0 404 407
0 404 628
0 404 448
0 404 375
0 404 406
0 404 568
0 404 508
0 404 362
0 404 477
0 404 369
0 404 398
0 635 401
0 635 667
0 635 392
0 635 376
0 635 431
0 635 495
0 635 424
0 635 578
0 635 375
0 635 411
0 635 476
0 635 428
0 635 406
0 635 387
0 635 443
0 635 397
0 635 423
0 541 562
0 432 899
0 432 421
0 389 609
0 389 404
0 389 589
0 389 647
0 465 808
0 465 863
0 465 423
0 465 467
0 440 460
0 440 377
0 440 375
0 480 599
0 480 474
0 480 619
0 480 438
0 480 437
0 480 580
0 721 642
0 721 876
0 536 599
0 536 573
0 726 442
0 573 551
0 573 522
0 437 435
0 437 564
0 437 445
0 437 392
0 437 438
0 437 470
0 437 468
0 437 384
0 437 447
0 437 1069
0 745 514
0 495 836
0 495 445
0 495 457
0 495 474
0 495 399
0 495 745
0 495 476
0 495 387
0 495 369
0 794 451
0 801 989
0 801 451
0 801 1085
0 448 520
0 448 716
0 448 375
0 448 403
0 448 515
0 448 369
0 683 570
0 683 475
0 451 645
0 451 388
0 451 369
0 365 512
0 365 440
0 365 463
0 365 360
0 365 362
0 365 364
0 365 368
0 371 888
0 371 572
0 371 463
0 371 858
0 371 716
0 371 375
0 371 367
0 371 402
0 371 472
0 371 423
0 371 467
0 645 545
0 645 451
0 578 495
0 578 387
0 463 512
0 463 440
0 463 388
0 463 361
0 463 426
0 373 807
0 716 371
0 395 438
0 375 440
0 375 428
0 555 554
0 555 553
0 411 611
0 517 669
0 865 498
0 865 686
0 865 841
0 476 401
0 476 390
0 476 474
0 476 520
0 476 478
0 476 545
0 476 516
0 476 635
0 476 480
0 476 495
0 476 375
0 476 428
0 476 388
0 476 387
0 476 522
0 476 414
0 476 443
0 476 384
0 476 429
0 476 391
0 476 580
0 476 398
0 476 423
0 428 609
0 428 864
0 428 392
0 428 376
0 428 438
0 428 377
0 428 431
0 428 635
0 428 424
0 428 375
0 428 476
0 428 461
0 428 402
0 428 443
0 428 447
0 428 398
0 428 368
0 393 385
0 393 392
0 393 808
0 393 375
0 393 406
0 393 468
0 393 388
0 393 664
0 393 360
0 393 367
0 393 659
0 393 658
0 393 662
0 393 414
0 393 369
0 393 398
0 589 403
0 589 686
0 589 652
0 589 615
0 623 622
0 616 378
0 616 401
0 616 440
0 616 476
0 616 746
0 616 372
0 616 406
0 616 608
0 616 524
0 616 360
0 616 682
0 616 560
0 616 466
0 616 426
0 616 398
0 616 423
0 514 392
0 514 376
0 372 386
0 372 572
0 372 632
0 372 746
0 372 406
0 372 542
0 372 571
0 372 426
0 372 369
0 372 398
0 372 423
0 372 368
0 606 506
0 406 711
0 406 385
0 406 445
0 406 722
0 406 404
0 406 635
0 406 526
0 406 451
0 406 409
0 406 375
0 406 393
0 406 372
0 406 537
0 406 450
0 406 397
0 406 368
0 610 445
0 610 390
0 610 632
0 610 417
0 610 504
0 610 384
0 610 416
0 444 435
0 444 438
0 444 476
0 444 542
0 444 384
0 444 398
0 491 507
0 506 378
0 506 408
0 506 371
0 506 858
0 506 567
0 506 467
0 567 510
0 567 557
0 563 834
0 563 386
0 563 794
0 563 421
0 563 476
0 563 372
0 563 450
0 563 360
0 563 508
0 563 952
0 563 414
0 563 803
0 563 423
0 499 732
0 797 606
0 797 506
0 655 446
0 655 616
0 655 549
0 562 541
0 562 451
0 562 447
0 450 435
0 450 630
0 450 378
0 450 445
0 450 392
0 450 478
0 450 421
0 450 393
0 450 453
0 450 406
0 450 454
0 450 443
0 450 397
0 450 369
0 450 368
0 497 757
0 497 545
0 497 432
0 497 451
0 497 527
0 497 758
0 454 532
0 454 392
0 454 421
0 454 393
0 454 450
0 454 388
0 454 658
0 454 493
0 454 414
0 454 397
0 419 635
0 419 409
0 419 606
0 419 508
0 419 398
0 419 368
0 468 630
0 468 378
0 468 375
0 468 443
0 468 368
0 587 586
0 412 609
0 412 549
0 412 447
0 617 583
0 617 445
0 617 478
0 617 412
0 617 443
0 388 390
0 388 451
0 388 463
0 388 476
0 388 393
0 388 567
0 388 454
0 388 617
0 388 414
0 388 384
0 388 369
0 663 376
0 663 393
0 663 454
0 396 457
0 396 889
0 396 438
0 396 415
0 396 577
0 396 412
0 396 617
0 396 369
0 387 378
0 387 401
0 387 445
0 387 474
0 387 520
0 387 460
0 387 635
0 387 495
0 387 578
0 387 901
0 387 375
0 387 476
0 387 428
0 387 610
0 387 417
0 387 443
0 387 384
0 387 426
0 387 423
0 568 611
0 568 590
0 568 427
0 568 510
0 568 478
0 568 512
0 568 404
0 568 375
0 568 699
0 568 741
0 568 504
0 568 951
0 568 443
0 568 557
0 568 398
0 360 427
0 360 366
0 360 414
0 876 510
0 522 551
0 558 438
0 558 713
0 558 567
0 508 510
0 508 392
0 508 509
0 508 404
0 508 526
0 508 858
0 508 606
0 508 699
0 508 659
0 508 366
0 508 361
0 508 402
0 508 414
0 508 398
0 469 757
0 469 545
0 469 509
0 469 691
0 469 682
0 469 863
0 367 583
0 367 385
0 367 431
0 367 480
0 367 375
0 367 476
0 367 393
0 367 662
0 367 426
0 367 398
0 367 368
0 699 899
0 699 836
0 699 701
0 699 427
0 699 969
0 699 753
0 699 431
0 699 404
0 699 463
0 699 373
0 699 375
0 699 567
0 699 568
0 699 741
0 699 575
0 699 461
0 699 504
0 699 429
0 699 447
0 699 580
0 699 557
0 511 529
0 659 392
0 659 658
0 366 622
0 441 629
0 441 445
0 441 384
0 441 447
0 441 368
0 618 378
0 618 889
0 618 375
0 618 412
0 618 617
0 618 663
0 618 396
0 618 469
0 682 499
0 550 1054
0 550 376
0 550 713
0 550 393
0 361 513
0 361 902
0 361 434
0 361 972
0 361 440
0 361 365
0 361 903
0 361 508
0 361 366
0 361 500
0 361 402
0 425 378
0 425 426
0 687 797
0 524 401
0 524 455
0 413 478
0 413 729
0 952 535
0 952 438
0 952 377
0 662 663
0 417 599
0 417 390
0 417 460
0 417 616
0 417 610
0 417 387
0 417 504
0 684 824
0 684 436
0 684 671
0 504 667
0 504 510
0 504 455
0 504 610
0 504 568
0 504 557
0 571 570
0 571 613
0 571 372
0 571 728
0 863 909
0 863 465
0 863 651
0 951 404
0 951 913
0 951 568
0 951 699
0 951 741
0 951 580
0 364 440
0 364 365
0 364 375
0 364 508
0 364 362
0 364 426
0 402 400
0 402 701
0 402 399
0 402 451
0 402 428
0 402 606
0 402 508
0 402 366
0 402 361
0 402 398
0 872 386
0 872 624
0 872 594
0 787 753
0 414 456
0 414 476
0 414 393
0 414 454
0 414 388
0 414 360
0 414 493
0 414 423
0 549 401
0 549 888
0 549 498
0 549 389
0 549 406
0 549 412
0 549 511
0 549 733
0 549 368
0 443 401
0 443 427
0 443 520
0 443 478
0 443 376
0 443 635
0 443 371
0 443 375
0 443 476
0 443 428
0 443 606
0 443 506
0 443 450
0 443 468
0 443 617
0 443 387
0 443 568
0 443 542
0 443 647
0 443 477
0 443 397
0 443 423
0 443 368
0 443 467
0 384 583
0 384 385
0 384 445
0 384 390
0 384 474
0 384 438
0 384 460
0 384 377
0 384 516
0 384 389
0 384 900
0 384 437
0 384 411
0 384 886
0 384 476
0 384 444
0 384 567
0 384 608
0 384 388
0 384 387
0 384 441
0 384 429
0 783 599
0 783 433
0 783 392
0 783 531
0 429 759
0 429 510
0 429 438
0 429 431
0 429 504
0 429 447
0 429 557
0 594 623
0 594 472
0 737 635
0 391 629
0 391 441
0 447 599
0 447 564
0 447 708
0 447 392
0 447 376
0 447 438
0 447 377
0 447 431
0 447 404
0 447 536
0 447 437
0 447 411
0 447 428
0 447 514
0 447 567
0 447 468
0 447 412
0 447 441
0 447 504
0 447 477
0 447 398
0 447 368
0 775 997
0 477 445
0 477 390
0 477 438
0 477 411
0 477 468
0 472 563
0 472 671
0 472 872
0 472 594
0 580 551
0 580 510
0 580 431
0 580 465
0 580 480
0 580 476
0 580 589
0 580 472
0 580 557
0 803 801
0 732 586
0 426 498
0 426 707
0 426 387
0 557 605
0 397 401
0 397 390
0 397 535
0 397 434
0 397 478
0 397 460
0 397 635
0 397 394
0 397 375
0 397 411
0 397 476
0 397 847
0 397 406
0 397 450
0 397 454
0 397 367
0 397 459
0 397 647
0 397 366
0 397 443
0 397 398
0 369 404
0 369 448
0 369 451
0 369 865
0 369 393
0 369 372
0 369 450
0 369 468
0 369 388
0 369 807
0 369 398
0 369 368
0 398 445
0 398 390
0 398 498
0 398 431
0 398 404
0 398 389
0 398 407
0 398 476
0 398 428
0 398 393
0 398 372
0 398 444
0 398 362
0 398 364
0 398 594
0 398 397
0 398 369
0 398 368
0 423 401
0 423 583
0 423 385
0 423 611
0 423 520
0 423 376
0 423 431
0 423 465
0 423 480
0 423 613
0 423 683
0 423 371
0 423 375
0 423 476
0 423 372
0 423 387
0 423 647
0 423 843
0 423 493
0 423 414
0 423 443
0 423 675
0 368 401
0 368 385
0 368 445
0 368 390
0 368 471
0 368 688
0 368 427
0 368 478
0 368 438
0 368 408
0 368 516
0 368 404
0 368 411
0 368 428
0 368 406
0 368 608
0 368 450
0 368 468
0 368 367
0 368 441
0 368 461
0 368 362
0 368 549
0 368 443
0 368 447
0 368 426
0 368 369
0 368 398
0 822 757
0 467 401
0 467 371
0 467 428
0 467 651
0 467 417
0 467 443
0 467 423
1 435 504
1 599 742
1 503 445
1 503 572
1 503 373
1 503 901
1 503 517
1 503 657
1 401 529
1 401 382
1 401 742
1 583 742
1 445 503
1 445 546
1 445 533
1 445 443
1 554 375
1 572 503
1 572 546
1 572 533
1 572 443
1 422 742
1 546 445
1 546 572
1 546 409
1 546 373
1 546 901
1 546 517
1 546 657
1 632 503
1 632 546
1 632 533
1 632 443
1 619 459
1 707 742
1 625 503
1 625 546
1 625 533
1 625 443
1 735 375
1 409 546
1 409 533
1 463 742
1 375 554
1 375 735
1 375 553
1 555 375
1 517 503
1 517 546
1 517 533
1 517 443
1 428 742
1 450 742
1 553 375
1 396 742
1 533 445
1 533 572
1 533 409
1 533 373
1 533 901
1 533 517
1 533 657
1 742 599
1 742 401
1 742 707
1 742 463
1 742 428
1 742 450
1 742 449
1 742 461
1 843 459
1 461 742
1 443 445
1 443 572
1 443 373
1 443 901
1 443 517
1 443 657
0 360 361
0 360 362
0 360 363
0 360 364
0 360 365
0 360 366
0 360 367
0 361 362
0 361 365
0 361 366
0 362 363
0 362 364
0 362 365
0 362 366
0 362 367
0 363 364
0 363 365
0 363 366
0 363 367
0 364 365
0 364 366
0 365 366
0 365 367
0 366 367
0 368 369
0 371 372
0 371 368
0 372 368
0 372 373
0 368 373
0 375 376
0 375 377
0 375 378
0 376 377
0 376 378
0 377 378
0 379 368
0 379 381
0 368 381
0 383 375
0 383 384
0 383 369
0 383 385
0 383 386
0 383 387
0 383 388
0 383 389
0 383 390
0 383 367
0 375 384
0 375 369
0 375 385
0 375 374
0 375 386
0 375 387
0 375 388
0 375 389
0 375 390
0 375 391
0 375 367
0 384 369
0 384 385
0 384 374
0 384 386
0 384 387
0 384 388
0 384 389
0 384 390
0 384 391
0 384 367
0 369 385
0 369 387
0 369 388
0 369 390
0 385 386
0 385 387
0 385 388
0 385 390
0 385 367
0 374 387
0 374 390
0 374 391
0 386 387
0 386 389
0 386 367
0 387 388
0 387 389
0 387 390
0 387 391
0 387 367
0 388 390
0 388 367
0 390 391
0 390 367
0 383 392
0 383 393
0 383 396
0 383 397
0 392 393
0 392 395
0 392 396
0 392 388
0 392 389
0 392 397
0 393 395
0 393 396
0 393 388
0 393 389
0 393 397
0 388 397
0 389 397
0 375 399
0 375 400
0 375 401
0 375 402
0 399 400
0 399 401
0 399 402
0 400 401
0 400 402
0 401 402
0 372 403
0 372 404
0 372 401
0 372 398
0 372 387
0 372 405
0 372 406
0 403 401
0 403 398
0 403 387
0 403 405
0 404 401
0 404 398
0 404 387
0 404 405
0 404 406
0 401 398
0 401 387
0 401 405
0 401 406
0 398 387
0 398 405
0 398 406
0 387 405
0 387 406
0 405 406
0 375 368
0 375 408
0 375 409
0 375 405
0 375 410
0 368 385
0 368 387
0 368 408
0 368 409
0 368 405
0 368 410
0 385 408
0 385 409
0 385 405
0 385 410
0 387 408
0 387 409
0 387 410
0 408 409
0 408 405
0 408 410
0 409 405
0 409 410
0 405 410
0 411 375
0 411 413
0 411 370
0 412 375
0 412 413
0 375 413
0 375 370
0 414 415
0 414 375
0 414 399
0 414 416
0 414 417
0 414 401
0 414 385
0 414 418
0 414 419
0 414 420
0 414 408
0 414 409
0 414 405
0 414 421
0 414 410
0 415 375
0 415 401
0 415 385
0 415 419
0 415 409
0 415 405
0 415 421
0 375 416
0 375 417
0 375 418
0 375 419
0 375 420
0 375 421
0 399 417
0 399 385
0 399 418
0 399 419
0 399 420
0 399 408
0 399 409
0 399 421
0 399 410
0 416 417
0 416 401
0 416 385
0 416 419
0 416 420
0 416 408
0 416 409
0 416 405
0 416 410
0 417 401
0 417 385
0 417 418
0 417 419
0 417 420
0 417 408
0 417 409
0 417 405
0 417 421
0 417 410
0 401 385
0 401 418
0 401 419
0 401 420
0 401 408
0 401 409
0 401 421
0 401 410
0 385 419
0 385 420
0 385 421
0 418 419
0 418 420
0 418 408
0 418 409
0 418 410
0 419 420
0 419 408
0 419 409
0 419 405
0 419 421
0 419 410
0 420 408
0 420 409
0 420 405
0 420 421
0 420 410
0 408 421
0 409 421
0 405 421
0 421 410
0 375 423
0 375 395
0 375 424
0 375 426
0 376 423
0 376 395
0 376 424
0 376 426
0 423 426
0 423 378
0 424 426
0 424 378
0 426 378
0 392 376
0 392 427
0 392 428
0 376 427
0 376 428
0 427 428
0 392 375
0 392 384
0 392 429
0 392 362
0 392 398
0 392 431
0 392 406
0 375 429
0 375 362
0 375 398
0 375 431
0 375 406
0 384 429
0 384 362
0 384 398
0 384 431
0 384 406
0 429 362
0 429 398
0 429 431
0 362 398
0 362 431
0 362 406
0 398 431
0 431 406
0 383 432
0 383 433
0 383 427
0 383 434
0 383 362
0 383 435
0 383 436
0 383 437
0 383 438
0 383 421
0 432 375
0 432 438
0 432 421
0 375 433
0 375 427
0 375 434
0 375 435
0 375 436
0 375 437
0 375 438
0 433 427
0 433 362
0 433 435
0 433 437
0 433 438
0 433 421
0 427 434
0 427 362
0 427 435
0 427 385
0 427 436
0 427 437
0 427 438
0 427 421
0 434 362
0 434 385
0 434 436
0 434 438
0 362 435
0 362 385
0 362 436
0 362 437
0 362 438
0 362 421
0 435 385
0 435 436
0 435 437
0 435 438
0 385 436
0 385 437
0 385 438
0 436 437
0 436 438
0 436 421
0 437 438
0 437 421
0 438 421
0 411 439
0 411 440
0 411 441
0 411 442
0 411 387
0 411 443
0 411 444
0 411 445
0 411 446
0 411 447
0 439 375
0 439 440
0 439 441
0 439 442
0 439 387
0 439 445
0 375 440
0 375 441
0 375 442
0 375 443
0 375 444
0 375 445
0 375 446
0 375 447
0 440 441
0 440 442
0 440 387
0 440 443
0 440 444
0 440 445
0 440 446
0 440 447
0 441 442
0 441 387
0 441 443
0 441 444
0 441 445
0 441 446
0 441 447
0 442 387
0 442 445
0 387 443
0 387 444
0 387 445
0 387 446
0 387 447
0 443 444
0 443 445
0 443 446
0 443 447
0 444 445
0 444 446
0 444 447
0 445 446
0 445 447
0 446 447
0 360 414
0 360 375
0 360 376
0 360 449
0 360 385
0 414 376
0 414 449
0 414 424
0 375 449
0 376 449
0 376 385
0 449 385
0 449 424
0 385 424
0 450 451
0 450 385
0 450 453
0 450 395
0 450 386
0 450 454
0 451 386
0 451 454
0 385 454
0 386 454
0 455 375
0 455 456
0 375 456
0 414 457
0 414 458
0 414 387
0 457 376
0 457 387
0 376 399
0 376 458
0 376 387
0 399 458
0 399 387
0 458 387
0 459 411
0 459 375
0 411 460
0 411 461
0 411 449
0 411 462
0 411 431
0 375 460
0 375 461
0 375 462
0 460 461
0 460 449
0 460 386
0 460 370
0 460 462
0 460 431
0 461 449
0 461 386
0 461 370
0 461 462
0 461 431
0 449 386
0 449 370
0 449 462
0 449 431
0 386 370
0 386 462
0 386 431
0 370 462
0 370 431
0 462 431
0 383 371
0 383 463
0 383 368
0 383 401
0 383 465
0 383 466
0 383 467
0 383 378
0 371 401
0 371 465
0 371 467
0 371 378
0 463 368
0 463 401
0 463 386
0 463 396
0 463 378
0 368 401
0 368 386
0 368 396
0 368 467
0 368 378
0 401 465
0 401 466
0 401 386
0 401 396
0 401 467
0 401 378
0 465 467
0 466 467
0 466 378
0 386 378
0 467 378
0 468 469
0 468 470
0 468 443
0 468 471
0 469 470
0 469 443
0 470 443
0 443 471
0 383 472
0 383 473
0 383 474
0 383 471
0 383 475
0 427 472
0 427 387
0 427 473
0 427 474
0 427 471
0 427 475
0 472 387
0 472 471
0 387 473
0 387 474
0 387 471
0 387 475
0 473 475
0 372 375
0 372 448
0 375 448
0 448 406
0 476 477
0 476 375
0 476 478
0 476 479
0 476 480
0 476 435
0 476 401
0 476 481
0 476 443
0 476 438
0 477 375
0 477 478
0 477 479
0 477 480
0 477 435
0 477 401
0 477 443
0 477 438
0 375 478
0 375 479
0 375 480
0 375 481
0 478 479
0 478 480
0 478 435
0 478 401
0 478 481
0 478 443
0 478 438
0 479 480
0 479 435
0 479 401
0 479 481
0 479 443
0 479 438
0 480 435
0 480 401
0 480 481
0 480 443
0 480 438
0 435 401
0 435 481
0 435 443
0 401 481
0 401 443
0 401 438
0 481 443
0 481 438
0 443 438
0 384 427
0 384 437
0 384 377
0 429 427
0 429 437
0 429 446
0 429 377
0 427 377
0 437 446
0 437 377
0 446 377
0 484 455
0 484 485
0 484 486
0 484 487
0 484 420
0 484 490
0 484 408
0 484 491
0 484 397
0 484 410
0 455 487
0 455 420
0 455 408
0 485 487
0 485 420
0 485 490
0 485 408
0 485 410
0 486 487
0 486 420
0 486 490
0 486 408
0 486 491
0 486 410
0 487 420
0 487 490
0 487 408
0 487 491
0 487 492
0 487 410
0 489 420
0 489 408
0 420 490
0 420 491
0 420 397
0 490 408
0 490 491
0 490 397
0 490 410
0 408 491
0 408 397
0 491 410
0 397 410
0 383 493
0 383 495
0 387 493
0 387 436
0 387 495
0 493 436
0 493 495
0 436 495
0 371 478
0 371 451
0 371 497
0 384 478
0 384 451
0 384 496
0 384 401
0 384 497
0 384 498
0 384 426
0 384 378
0 369 478
0 369 451
0 369 496
0 369 401
0 369 498
0 369 426
0 369 378
0 478 451
0 478 496
0 478 497
0 478 378
0 451 496
0 451 401
0 451 497
0 451 498
0 451 426
0 451 378
0 496 401
0 496 497
0 496 426
0 496 378
0 401 497
0 401 498
0 401 499
0 401 426
0 497 378
0 498 426
0 498 378
0 360 463
0 360 368
0 360 427
0 360 440
0 360 398
0 463 414
0 463 375
0 463 427
0 463 440
0 463 362
0 463 363
0 463 364
0 463 398
0 463 365
0 463 366
0 414 368
0 414 427
0 414 440
0 414 362
0 414 363
0 414 364
0 414 398
0 414 365
0 414 366
0 375 363
0 375 364
0 375 365
0 375 366
0 368 427
0 368 440
0 368 362
0 368 363
0 368 364
0 368 398
0 368 365
0 368 366
0 427 440
0 427 363
0 427 364
0 427 398
0 427 365
0 427 366
0 440 362
0 440 363
0 440 364
0 440 398
0 440 365
0 440 366
0 363 398
0 364 398
0 398 365
0 398 366
0 500 420
0 487 448
0 448 420
0 414 502
0 414 503
0 414 377
0 502 377
0 503 421
0 419 377
0 377 421
0 375 507
0 375 397
0 460 384
0 460 440
0 460 507
0 460 388
0 460 390
0 460 397
0 384 440
0 384 507
0 384 462
0 384 397
0 440 507
0 440 388
0 440 390
0 440 462
0 440 397
0 507 390
0 507 462
0 388 462
0 390 462
0 390 397
0 462 397
0 508 509
0 360 461
0 360 513
0 360 515
0 360 406
0 511 375
0 511 461
0 375 512
0 375 513
0 375 514
0 375 515
0 461 362
0 461 513
0 461 514
0 461 365
0 461 366
0 461 406
0 512 362
0 362 513
0 362 515
0 513 365
0 513 366
0 513 515
0 513 406
0 365 406
0 366 515
0 366 406
0 515 406
0 383 419
0 465 387
0 419 386
0 419 387
0 387 506
0 387 378
0 506 378
0 375 516
0 516 376
0 516 427
0 516 401
0 516 390
0 376 401
0 376 390
0 427 401
0 427 390
0 401 390
0 504 420
0 456 420
0 375 517
0 487 518
0 420 518
0 375 486
0 375 519
0 375 520
0 375 491
0 486 519
0 486 418
0 486 387
0 519 418
0 519 520
0 519 387
0 519 437
0 519 420
0 519 408
0 519 377
0 418 387
0 418 437
0 418 377
0 520 387
0 520 437
0 520 420
0 520 408
0 520 377
0 387 437
0 387 420
0 387 377
0 437 420
0 437 408
0 437 491
0 420 377
0 408 377
0 521 479
0 521 376
0 521 449
0 521 441
0 521 480
0 521 401
0 521 438
0 521 377
0 522 479
0 522 376
0 522 449
0 522 480
0 522 435
0 522 401
0 522 437
0 522 438
0 522 377
0 479 523
0 479 376
0 479 449
0 479 441
0 479 437
0 479 420
0 479 377
0 479 524
0 523 435
0 523 401
0 523 437
0 523 438
0 376 441
0 376 480
0 376 435
0 376 437
0 376 420
0 376 438
0 376 524
0 449 441
0 449 480
0 449 435
0 449 401
0 449 437
0 449 420
0 449 438
0 449 377
0 441 480
0 441 435
0 441 401
0 441 437
0 441 420
0 441 438
0 441 377
0 441 524
0 480 437
0 480 420
0 480 377
0 435 420
0 435 377
0 435 524
0 401 437
0 401 377
0 401 524
0 437 524
0 420 438
0 420 524
0 438 377
0 438 524
0 377 524
0 392 476
0 392 369
0 392 496
0 392 417
0 392 401
0 392 387
0 392 405
0 392 378
0 476 384
0 476 369
0 476 496
0 476 417
0 476 428
0 476 387
0 476 405
0 476 378
0 384 417
0 384 428
0 384 405
0 369 428
0 369 405
0 496 417
0 496 428
0 496 387
0 496 405
0 417 428
0 417 387
0 417 378
0 428 401
0 428 387
0 428 405
0 428 378
0 405 378
0 476 525
0 476 456
0 476 445
0 525 455
0 525 456
0 525 387
0 525 443
0 525 445
0 455 387
0 455 443
0 455 445
0 456 387
0 456 443
0 456 445
0 383 414
0 383 399
0 383 526
0 383 366
0 383 406
0 414 406
0 399 362
0 399 366
0 399 406
0 362 526
0 526 366
0 384 444
0 384 445
0 399 445
0 400 408
0 400 445
0 408 445
0 360 392
0 360 433
0 360 399
0 360 400
0 360 532
0 360 393
0 360 533
0 360 396
0 360 420
0 527 433
0 527 531
0 392 433
0 392 529
0 392 399
0 392 531
0 392 400
0 392 532
0 392 533
0 392 513
0 392 535
0 392 420
0 392 490
0 433 528
0 433 529
0 433 376
0 433 399
0 433 531
0 433 400
0 433 532
0 433 393
0 433 533
0 433 513
0 433 534
0 433 535
0 433 420
0 433 490
0 433 536
0 528 531
0 528 420
0 529 376
0 529 531
0 529 400
0 529 533
0 529 513
0 529 535
0 529 420
0 376 531
0 376 400
0 376 532
0 376 393
0 376 533
0 376 513
0 376 396
0 376 534
0 376 535
0 376 490
0 399 531
0 399 393
0 399 533
0 399 513
0 399 535
0 399 490
0 531 400
0 531 532
0 531 393
0 531 533
0 531 513
0 531 534
0 531 535
0 531 420
0 531 490
0 400 393
0 400 533
0 400 513
0 400 535
0 400 420
0 400 490
0 532 393
0 393 533
0 393 513
0 393 420
0 393 490
0 393 536
0 533 513
0 533 535
0 533 420
0 513 535
0 513 420
0 513 490
0 535 420
0 420 536
0 490 536
0 537 404
0 383 404
0 383 480
0 383 408
0 383 409
0 404 385
0 404 419
0 404 408
0 404 409
0 480 385
0 480 419
0 480 389
0 480 408
0 480 409
0 509 469
0 509 376
0 509 451
0 509 458
0 509 387
0 469 376
0 469 451
0 469 458
0 469 387
0 376 451
0 451 458
0 451 387
0 375 539
0 368 436
0 436 539
0 436 405
0 540 392
0 540 461
0 540 376
0 540 541
0 540 438
0 540 377
0 392 461
0 392 541
0 392 438
0 392 377
0 461 376
0 461 541
0 461 438
0 461 377
0 376 541
0 541 438
0 541 377
0 376 448
0 376 436
0 427 448
0 448 436
0 469 466
0 466 387
0 466 443
0 542 387
0 542 443
0 383 543
0 543 387
0 543 389
0 543 438
0 480 387
0 480 493
0 480 436
0 480 473
0 480 474
0 480 475
0 387 438
0 493 473
0 493 438
0 493 475
0 436 473
0 436 474
0 436 475
0 389 474
0 389 438
0 473 438
0 474 438
0 438 475
0 383 469
0 383 545
0 469 544
0 469 545
0 469 401
0 544 545
0 544 401
0 544 466
0 545 401
0 545 466
0 546 503
0 546 547
0 546 388
0 503 547
0 547 388
0 468 433
0 468 376
0 468 420
0 368 406
0 386 405
0 386 406
0 476 413
0 476 549
0 476 398
0 375 549
0 375 428
0 413 549
0 413 428
0 413 398
0 549 428
0 549 398
0 428 398
0 540 414
0 540 522
0 540 460
0 540 368
0 540 369
0 540 450
0 540 427
0 540 480
0 540 393
0 540 551
0 540 546
0 540 454
0 540 462
0 540 397
0 540 447
0 550 414
0 550 450
0 550 376
0 550 427
0 550 400
0 550 546
0 550 397
0 463 460
0 463 369
0 463 376
0 463 393
0 463 454
0 463 462
0 463 397
0 463 377
0 414 460
0 414 369
0 414 450
0 414 400
0 414 480
0 414 393
0 414 546
0 414 533
0 414 489
0 414 541
0 414 454
0 414 462
0 414 397
0 414 447
0 522 368
0 522 427
0 522 393
0 522 551
0 522 553
0 522 541
0 522 447
0 460 368
0 460 369
0 460 450
0 460 376
0 460 427
0 460 480
0 460 393
0 460 552
0 460 555
0 460 541
0 460 454
0 460 377
0 460 447
0 368 450
0 368 376
0 368 400
0 368 480
0 368 393
0 368 551
0 368 541
0 368 454
0 368 462
0 368 397
0 368 377
0 368 447
0 369 450
0 369 376
0 369 427
0 369 400
0 369 480
0 369 393
0 369 454
0 369 462
0 369 397
0 369 377
0 369 447
0 450 376
0 450 427
0 450 400
0 450 480
0 450 393
0 450 546
0 450 533
0 450 553
0 450 541
0 450 462
0 450 397
0 450 377
0 450 447
0 376 551
0 376 546
0 376 552
0 376 553
0 376 454
0 376 462
0 376 397
0 376 447
0 427 400
0 427 480
0 427 393
0 427 551
0 427 546
0 427 533
0 427 553
0 427 554
0 427 555
0 427 541
0 427 454
0 427 462
0 427 397
0 427 447
0 400 546
0 400 454
0 400 397
0 400 377
0 480 393
0 480 551
0 480 541
0 480 454
0 480 462
0 480 397
0 480 447
0 393 546
0 393 552
0 393 541
0 393 454
0 393 462
0 393 377
0 393 447
0 551 553
0 551 541
0 551 377
0 551 447
0 546 533
0 546 454
0 546 397
0 546 447
0 533 454
0 533 397
0 552 462
0 553 554
0 553 555
0 554 555
0 555 462
0 541 454
0 541 462
0 541 447
0 454 462
0 454 397
0 454 377
0 454 447
0 462 377
0 462 447
0 397 377
0 397 447
0 377 447
0 540 370
0 427 370
0 427 409
0 541 370
0 370 409
0 525 376
0 525 393
0 525 513
0 376 443
0 449 393
0 449 513
0 449 443
0 393 443
0 513 443
0 375 490
0 368 435
0 368 419
0 368 420
0 368 490
0 435 490
0 435 410
0 401 490
0 419 490
0 557 362
0 557 558
0 557 445
0 557 377
0 557 447
0 362 445
0 362 377
0 362 447
0 558 445
0 558 377
0 558 447
0 445 377
0 414 361
0 414 525
0 414 433
0 414 456
0 414 448
0 414 513
0 414 443
0 414 402
0 361 525
0 361 399
0 361 400
0 361 513
0 361 443
0 361 402
0 361 420
0 361 408
0 361 454
0 525 433
0 525 529
0 525 399
0 525 400
0 525 448
0 525 402
0 525 420
0 525 408
0 525 454
0 559 443
0 559 420
0 433 456
0 433 560
0 433 443
0 433 408
0 433 454
0 456 399
0 456 400
0 456 448
0 456 513
0 456 408
0 456 454
0 529 443
0 529 408
0 399 448
0 399 443
0 399 454
0 560 443
0 560 420
0 560 408
0 400 448
0 400 443
0 448 513
0 448 443
0 448 408
0 448 454
0 513 402
0 513 408
0 513 454
0 443 402
0 443 420
0 443 408
0 443 454
0 402 420
0 402 408
0 402 454
0 420 454
0 408 454
0 427 426
0 562 376
0 562 510
0 562 428
0 562 564
0 562 421
0 562 447
0 511 376
0 511 428
0 511 447
0 376 510
0 376 563
0 376 564
0 376 421
0 510 428
0 510 447
0 428 563
0 428 564
0 428 421
0 428 447
0 563 421
0 563 447
0 564 421
0 564 447
0 421 447
0 376 472
0 376 471
0 427 451
0 451 472
0 451 480
0 451 377
0 472 480
0 472 454
0 472 377
0 480 471
0 471 377
0 371 375
0 371 398
0 371 431
0 411 478
0 411 398
0 411 390
0 478 398
0 478 390
0 478 431
0 398 436
0 398 390
0 436 390
0 436 431
0 390 431
0 484 504
0 484 566
0 504 566
0 504 490
0 566 420
0 476 557
0 476 567
0 476 568
0 476 516
0 476 510
0 476 362
0 476 495
0 557 567
0 557 384
0 557 516
0 557 510
0 557 387
0 557 495
0 567 384
0 567 516
0 567 510
0 567 362
0 567 387
0 567 495
0 384 568
0 384 516
0 384 510
0 384 515
0 384 495
0 568 516
0 568 387
0 568 495
0 516 510
0 516 362
0 516 387
0 516 495
0 510 362
0 510 387
0 510 495
0 362 387
0 387 515
0 375 570
0 375 571
0 368 417
0 368 571
0 368 370
0 368 438
0 376 417
0 376 570
0 376 571
0 376 408
0 376 370
0 417 570
0 417 571
0 417 370
0 417 438
0 570 401
0 570 571
0 570 387
0 570 408
0 401 571
0 401 370
0 571 387
0 571 408
0 571 370
0 571 438
0 387 370
0 408 438
0 476 450
0 476 449
0 476 440
0 476 572
0 375 450
0 375 572
0 450 449
0 450 440
0 450 428
0 450 401
0 450 387
0 449 440
0 449 428
0 449 387
0 440 428
0 440 572
0 440 401
0 428 572
0 572 401
0 572 387
0 573 574
0 479 444
0 444 438
0 450 408
0 450 410
0 450 406
0 416 402
0 416 406
0 385 402
0 385 397
0 385 406
0 402 397
0 402 410
0 402 406
0 408 406
0 454 410
0 454 406
0 397 406
0 410 406
0 360 521
0 360 502
0 360 445
0 360 397
0 521 375
0 521 502
0 521 461
0 521 445
0 521 397
0 375 502
0 502 461
0 502 449
0 502 445
0 502 397
0 461 445
0 461 397
0 449 445
0 449 397
0 445 397
0 476 433
0 476 576
0 476 376
0 476 399
0 476 546
0 476 408
0 476 471
0 476 367
0 476 397
0 433 478
0 433 479
0 433 576
0 433 480
0 433 546
0 433 387
0 433 397
0 478 576
0 478 376
0 478 399
0 478 546
0 478 387
0 478 408
0 478 471
0 478 397
0 479 576
0 479 387
0 479 408
0 479 471
0 576 376
0 576 480
0 576 387
0 576 443
0 576 408
0 576 471
0 576 438
0 376 367
0 399 480
0 399 546
0 399 397
0 399 438
0 546 387
0 546 443
0 546 408
0 546 471
0 546 438
0 387 397
0 443 367
0 443 397
0 471 397
0 471 438
0 367 397
0 367 438
0 397 438
0 578 387
0 578 390
0 578 495
0 390 495
0 579 368
0 579 461
0 579 449
0 368 461
0 368 449
0 562 476
0 562 522
0 562 368
0 562 429
0 562 480
0 562 551
0 562 387
0 562 388
0 562 444
0 562 431
0 562 438
0 476 522
0 476 368
0 476 429
0 476 551
0 476 581
0 476 558
0 476 520
0 476 583
0 476 388
0 476 444
0 476 431
0 476 518
0 476 447
0 580 557
0 580 567
0 580 510
0 580 480
0 580 387
0 557 522
0 557 368
0 557 429
0 557 480
0 557 551
0 557 520
0 557 583
0 557 388
0 557 444
0 557 431
0 557 518
0 557 438
0 522 567
0 522 429
0 522 516
0 522 510
0 522 387
0 522 444
0 522 431
0 567 368
0 567 429
0 567 480
0 567 551
0 567 581
0 567 558
0 567 520
0 567 583
0 567 388
0 567 444
0 567 431
0 567 518
0 567 438
0 567 447
0 368 429
0 368 516
0 368 510
0 368 581
0 368 520
0 368 388
0 368 444
0 368 431
0 368 518
0 429 516
0 429 510
0 429 480
0 429 551
0 429 581
0 429 558
0 429 387
0 429 388
0 429 444
0 429 518
0 429 438
0 429 447
0 516 480
0 516 551
0 516 558
0 516 388
0 516 444
0 516 431
0 516 438
0 516 447
0 510 480
0 510 551
0 510 558
0 510 520
0 510 583
0 510 388
0 510 444
0 510 431
0 510 518
0 510 438
0 480 581
0 480 558
0 480 388
0 480 444
0 480 431
0 480 518
0 551 387
0 551 388
0 551 444
0 551 431
0 551 438
0 581 387
0 581 431
0 581 518
0 581 438
0 558 387
0 558 388
0 558 444
0 558 438
0 520 583
0 520 388
0 520 444
0 520 431
0 520 438
0 520 447
0 387 583
0 387 431
0 387 518
0 583 444
0 583 431
0 583 438
0 583 447
0 388 444
0 388 431
0 388 438
0 388 447
0 444 431
0 431 438
0 431 447
0 518 438
0 438 447
0 414 506
0 401 506
0 461 401
0 461 437
0 509 587
0 586 587
0 476 390
0 567 398
0 567 443
0 567 390
0 567 445
0 384 368
0 384 443
0 384 447
0 368 443
0 368 390
0 368 445
0 516 398
0 516 443
0 516 445
0 510 398
0 510 390
0 510 445
0 362 388
0 398 443
0 398 388
0 398 445
0 398 447
0 443 388
0 443 390
0 388 445
0 390 445
0 390 447
0 360 383
0 360 384
0 360 404
0 360 572
0 521 383
0 521 463
0 521 361
0 521 384
0 521 404
0 521 362
0 521 572
0 521 398
0 521 366
0 521 367
0 383 461
0 383 572
0 383 398
0 463 384
0 463 461
0 463 404
0 463 572
0 463 367
0 361 384
0 361 461
0 361 404
0 361 398
0 384 461
0 384 404
0 384 572
0 384 366
0 461 404
0 461 572
0 461 364
0 461 398
0 461 367
0 590 398
0 590 366
0 512 398
0 404 362
0 404 572
0 404 364
0 404 366
0 404 367
0 362 572
0 591 398
0 572 364
0 572 398
0 572 366
0 572 367
0 398 526
0 398 367
0 384 438
0 440 438
0 440 378
0 440 406
0 397 378
0 438 378
0 438 406
0 378 406
0 476 411
0 476 468
0 476 593
0 476 524
0 477 411
0 477 468
0 477 390
0 477 593
0 411 468
0 411 479
0 411 593
0 411 524
0 468 375
0 468 479
0 468 390
0 468 524
0 375 593
0 375 524
0 479 390
0 479 593
0 390 593
0 390 524
0 449 409
0 392 440
0 392 564
0 476 393
0 476 564
0 476 377
0 375 393
0 375 564
0 384 393
0 384 564
0 440 393
0 440 564
0 440 377
0 393 401
0 393 564
0 401 564
0 401 397
0 564 397
0 564 377
0 375 472
0 375 563
0 460 472
0 460 398
0 460 563
0 460 409
0 472 398
0 472 563
0 472 462
0 472 409
0 472 431
0 398 563
0 398 462
0 398 409
0 563 462
0 563 409
0 563 431
0 462 409
0 409 431
0 490 406
0 480 390
0 516 471
0 469 478
0 469 598
0 469 438
0 478 452
0 452 443
0 452 438
0 598 443
0 392 423
0 392 599
0 423 599
0 375 555
0 555 420
0 392 414
0 392 480
0 392 437
0 392 390
0 392 445
0 392 454
0 392 421
0 392 447
0 476 414
0 476 437
0 476 454
0 476 421
0 414 384
0 414 429
0 414 428
0 414 437
0 414 564
0 414 390
0 414 445
0 414 438
0 384 376
0 384 480
0 384 454
0 384 421
0 429 376
0 429 440
0 429 428
0 429 393
0 429 401
0 429 564
0 429 390
0 429 445
0 429 454
0 429 421
0 376 440
0 376 398
0 376 445
0 440 480
0 440 437
0 440 454
0 440 421
0 480 428
0 480 398
0 480 564
0 480 445
0 480 421
0 428 393
0 428 437
0 428 390
0 428 445
0 428 454
0 428 438
0 393 398
0 393 437
0 393 390
0 393 445
0 393 438
0 393 421
0 401 445
0 401 454
0 401 447
0 398 437
0 398 564
0 398 454
0 398 438
0 398 421
0 437 564
0 437 390
0 437 445
0 437 454
0 437 447
0 564 390
0 564 445
0 564 454
0 564 438
0 390 454
0 390 438
0 390 421
0 445 454
0 445 438
0 445 421
0 454 438
0 454 421
0 449 404
0 449 398
0 449 367
0 525 487
0 487 443
0 508 383
0 508 460
0 508 362
0 508 526
0 508 462
0 383 460
0 383 478
0 383 600
0 383 462
0 460 478
0 460 600
0 460 362
0 460 526
0 478 462
0 600 462
0 362 462
0 526 462
0 375 601
0 368 448
0 368 491
0 448 398
0 398 420
0 486 603
0 603 490
0 388 454
0 360 476
0 476 427
0 427 449
0 460 473
0 460 475
0 473 462
0 462 475
0 371 460
0 371 449
0 371 387
0 371 462
0 460 566
0 460 387
0 460 420
0 460 410
0 461 387
0 461 420
0 461 410
0 449 566
0 449 410
0 566 387
0 566 604
0 566 555
0 566 462
0 566 410
0 387 555
0 387 462
0 420 462
0 462 410
0 375 567
0 375 605
0 375 583
0 567 605
0 605 387
0 606 375
0 606 398
0 508 463
0 508 375
0 508 451
0 508 428
0 508 398
0 463 451
0 463 428
0 375 451
0 451 428
0 451 398
0 375 471
0 567 376
0 567 440
0 567 428
0 368 428
0 368 471
0 516 440
0 516 428
0 376 388
0 440 471
0 428 388
0 428 471
0 398 471
0 388 471
0 390 471
0 484 375
0 484 567
0 484 437
0 484 438
0 375 536
0 567 437
0 567 408
0 437 490
0 437 536
0 490 438
0 408 536
0 536 438
0 460 408
0 460 445
0 408 462
0 445 462
0 459 367
0 411 414
0 411 393
0 411 367
0 414 367
0 393 367
0 415 404
0 375 404
0 412 478
0 412 376
0 412 549
0 412 449
0 412 428
0 478 549
0 478 449
0 478 428
0 376 549
0 549 449
0 478 453
0 478 493
0 453 489
0 448 578
0 448 387
0 398 578
0 578 436
0 433 452
0 478 503
0 478 420
0 503 443
0 503 420
0 411 608
0 375 608
0 445 608
0 476 460
0 476 448
0 476 462
0 476 426
0 460 448
0 460 426
0 384 448
0 448 445
0 448 462
0 445 426
0 462 426
0 375 594
0 431 608
0 375 610
0 375 611
0 375 612
0 375 498
0 376 610
0 376 611
0 376 612
0 376 498
0 376 608
0 610 428
0 610 570
0 610 398
0 610 426
0 611 428
0 611 398
0 611 612
0 611 426
0 428 570
0 428 498
0 428 608
0 428 426
0 570 426
0 398 498
0 398 608
0 398 426
0 612 613
0 608 426
0 385 398
0 398 396
0 384 435
0 478 516
0 478 444
0 516 435
0 435 428
0 435 444
0 428 444
0 401 444
0 567 404
0 433 603
0 433 388
0 433 445
0 376 404
0 376 603
0 614 445
0 404 388
0 404 445
0 603 445
0 398 377
0 436 377
0 436 406
0 431 377
0 377 406
0 522 384
0 522 445
0 384 551
0 384 542
0 429 507
0 429 542
0 480 507
0 480 542
0 507 444
0 507 445
0 551 445
0 542 444
0 542 445
0 368 478
0 368 507
0 478 507
0 504 429
0 504 599
0 504 437
0 504 408
0 392 579
0 392 549
0 392 497
0 392 370
0 579 376
0 579 549
0 579 497
0 376 497
0 549 497
0 549 370
0 372 427
0 372 377
0 427 406
0 562 392
0 562 461
0 392 472
0 392 519
0 392 623
0 392 426
0 476 461
0 476 472
0 476 519
0 476 623
0 622 376
0 461 549
0 461 472
0 461 428
0 461 519
0 461 426
0 376 519
0 376 623
0 549 426
0 472 428
0 428 519
0 428 623
0 392 478
0 392 503
0 392 520
0 392 443
0 476 503
0 375 503
0 478 520
0 478 564
0 401 503
0 401 520
0 503 387
0 520 443
0 387 564
0 443 564
0 368 472
0 368 624
0 461 427
0 461 409
0 376 386
0 376 409
0 376 431
0 376 594
0 376 624
0 427 386
0 427 420
0 427 431
0 427 624
0 449 472
0 472 386
0 472 420
0 472 438
0 472 594
0 472 624
0 398 386
0 398 594
0 398 624
0 386 420
0 386 409
0 386 438
0 386 594
0 386 624
0 420 431
0 420 624
0 409 438
0 409 624
0 431 594
0 431 624
0 438 624
0 376 466
0 549 545
0 549 444
0 549 377
0 545 428
0 545 497
0 545 444
0 545 426
0 428 497
0 428 377
0 497 444
0 444 377
0 444 426
0 377 426
0 476 451
0 476 470
0 476 571
0 476 419
0 414 478
0 414 451
0 414 470
0 414 571
0 414 378
0 375 470
0 478 470
0 376 470
0 376 419
0 451 470
0 451 571
0 451 419
0 451 443
0 451 438
0 470 401
0 470 387
0 470 438
0 470 378
0 571 419
0 571 443
0 571 378
0 419 443
0 419 438
0 443 378
0 392 450
0 392 449
0 384 450
0 384 449
0 450 445
0 368 399
0 368 513
0 368 418
0 368 482
0 368 402
0 368 446
0 427 399
0 427 513
0 427 418
0 427 402
0 427 490
0 427 408
0 427 445
0 427 410
0 399 482
0 399 446
0 400 418
0 400 482
0 400 446
0 400 410
0 448 490
0 448 410
0 513 418
0 513 482
0 513 445
0 513 446
0 513 410
0 418 482
0 418 402
0 418 490
0 418 445
0 418 446
0 482 402
0 482 420
0 482 490
0 482 408
0 482 445
0 482 410
0 626 446
0 402 490
0 402 445
0 402 446
0 420 445
0 490 445
0 408 446
0 445 410
0 411 563
0 563 387
0 376 545
0 376 520
0 545 520
0 497 520
0 392 468
0 392 509
0 392 587
0 468 509
0 468 384
0 468 428
0 468 423
0 468 587
0 509 375
0 509 384
0 509 428
0 509 423
0 375 587
0 384 423
0 376 587
0 428 423
0 428 587
0 521 516
0 521 474
0 484 450
0 450 490
0 484 468
0 420 630
0 368 549
0 549 507
0 549 409
0 631 408
0 616 440
0 616 445
0 440 448
0 440 418
0 440 632
0 440 490
0 440 408
0 418 632
0 632 490
0 632 408
0 632 445
0 632 446
0 632 406
0 445 406
0 446 406
0 401 493
0 401 635
0 493 635
0 493 406
0 635 406
0 484 433
0 484 531
0 433 491
0 569 490
0 522 529
0 522 531
0 522 637
0 529 427
0 529 551
0 529 438
0 376 637
0 427 531
0 427 637
0 531 551
0 531 437
0 531 438
0 472 551
0 472 437
0 551 437
0 551 637
0 637 438
0 463 449
0 463 436
0 463 409
0 463 405
0 461 440
0 461 563
0 461 436
0 461 405
0 449 563
0 449 436
0 449 405
0 440 404
0 440 563
0 440 436
0 440 409
0 440 405
0 404 563
0 404 436
0 563 405
0 436 409
0 412 384
0 375 638
0 375 639
0 384 638
0 384 639
0 638 639
0 392 441
0 441 393
0 441 406
0 393 406
0 443 406
0 447 406
0 468 450
0 468 401
0 468 421
0 468 378
0 450 419
0 450 421
0 450 378
0 571 421
0 421 378
0 479 640
0 576 441
0 576 640
0 640 387
0 640 438
0 579 398
0 579 438
0 460 493
0 460 436
0 493 462
0 436 462
0 477 576
0 375 576
0 576 435
0 576 401
0 576 481
0 576 377
0 481 377
0 443 377
0 384 479
0 384 576
0 384 481
0 384 524
0 429 478
0 429 479
0 429 576
0 429 481
0 478 551
0 478 377
0 478 524
0 479 551
0 576 551
0 576 390
0 576 524
0 551 481
0 551 390
0 481 390
0 390 377
0 521 439
0 521 450
0 521 442
0 521 419
0 521 387
0 521 454
0 439 401
0 439 377
0 375 454
0 502 450
0 502 401
0 502 387
0 502 454
0 450 441
0 441 454
0 401 442
0 442 377
0 419 445
0 419 454
0 387 454
0 641 552
0 401 431
0 445 431
0 461 385
0 461 419
0 449 419
0 398 419
0 562 375
0 562 384
0 562 449
0 562 398
0 562 390
0 562 377
0 392 642
0 392 551
0 392 547
0 476 642
0 476 547
0 642 375
0 642 384
0 642 376
0 642 547
0 642 447
0 375 551
0 375 547
0 375 637
0 384 547
0 461 551
0 461 390
0 461 447
0 376 547
0 449 551
0 449 547
0 449 390
0 449 447
0 551 398
0 551 547
0 547 390
0 547 431
0 547 377
0 547 447
0 579 476
0 579 375
0 476 507
0 476 643
0 476 644
0 468 643
0 468 583
0 468 644
0 468 438
0 375 643
0 375 644
0 507 638
0 507 443
0 507 639
0 507 438
0 507 378
0 643 443
0 643 438
0 643 378
0 638 378
0 443 583
0 443 644
0 583 378
0 644 438
0 471 378
0 639 378
0 468 544
0 468 435
0 468 393
0 468 437
0 468 447
0 645 443
0 450 544
0 450 435
0 450 443
0 450 437
0 450 471
0 450 438
0 544 618
0 544 587
0 544 443
0 544 438
0 435 393
0 435 395
0 435 587
0 435 471
0 435 447
0 393 471
0 618 587
0 618 443
0 395 443
0 395 437
0 395 438
0 395 447
0 587 443
0 587 437
0 587 438
0 443 437
0 437 471
0 471 447
0 427 405
0 434 398
0 434 409
0 434 431
0 434 405
0 385 431
0 431 405
0 392 484
0 484 393
0 401 471
0 478 445
0 562 468
0 562 401
0 468 461
0 468 377
0 440 608
0 440 426
0 398 446
0 446 608
0 446 426
0 427 416
0 460 406
0 462 406
0 375 614
0 460 614
0 614 462
0 614 397
0 362 397
0 651 520
0 651 387
0 651 607
0 520 607
0 387 607
0 460 378
0 450 478
0 478 427
0 427 378
0 449 378
0 445 378
0 462 378
0 360 484
0 360 408
0 360 410
0 379 484
0 379 420
0 379 408
0 379 410
0 484 414
0 484 400
0 484 381
0 381 420
0 381 408
0 381 410
0 476 424
0 435 387
0 401 424
0 387 424
0 392 516
0 392 385
0 414 516
0 516 385
0 440 385
0 428 385
0 393 385
0 385 447
0 384 593
0 478 593
0 478 495
0 479 516
0 479 445
0 479 495
0 387 593
0 443 593
0 443 495
0 445 593
0 445 495
0 603 420
0 603 408
0 535 408
0 560 531
0 427 404
0 468 427
0 468 480
0 468 454
0 546 513
0 463 385
0 463 498
0 375 467
0 417 467
0 571 405
0 467 408
0 467 405
0 379 490
0 372 461
0 372 376
0 372 449
0 372 472
0 372 480
0 372 431
0 461 480
0 460 428
0 428 462
0 360 377
0 414 461
0 414 404
0 440 367
0 404 377
0 366 377
0 367 377
0 383 411
0 383 376
0 383 440
0 383 507
0 383 655
0 383 445
0 383 370
0 383 405
0 411 376
0 411 507
0 411 655
0 411 366
0 411 389
0 411 405
0 411 378
0 375 655
0 376 362
0 376 507
0 376 655
0 376 366
0 376 389
0 376 405
0 440 655
0 440 389
0 440 370
0 362 370
0 362 405
0 507 398
0 507 366
0 507 405
0 655 398
0 655 389
0 655 445
0 655 405
0 655 378
0 398 389
0 398 370
0 398 378
0 366 389
0 366 445
0 366 370
0 366 405
0 389 445
0 389 405
0 389 378
0 445 370
0 445 405
0 370 405
0 370 378
0 521 427
0 521 436
0 448 438
0 433 566
0 433 517
0 433 657
0 376 566
0 376 517
0 376 657
0 566 443
0 517 657
0 443 657
0 479 388
0 479 431
0 461 655
0 461 443
0 461 388
0 576 449
0 449 655
0 449 388
0 655 401
0 655 443
0 655 431
0 401 388
0 443 431
0 383 372
0 392 372
0 392 404
0 372 440
0 540 375
0 540 449
0 540 401
0 540 431
0 540 421
0 414 538
0 414 473
0 414 431
0 414 475
0 375 538
0 375 473
0 375 541
0 375 475
0 461 421
0 449 538
0 449 473
0 449 541
0 449 475
0 449 421
0 449 406
0 538 401
0 538 431
0 538 377
0 401 473
0 401 541
0 401 475
0 419 431
0 419 406
0 473 431
0 473 377
0 541 431
0 541 421
0 431 475
0 431 421
0 475 377
0 421 406
0 392 658
0 392 493
0 392 659
0 476 658
0 476 493
0 414 658
0 414 493
0 414 659
0 375 658
0 375 493
0 375 659
0 658 659
0 658 454
0 658 421
0 493 454
0 493 421
0 659 454
0 659 421
0 360 660
0 360 661
0 660 414
0 660 375
0 660 461
0 660 398
0 660 661
0 414 599
0 414 661
0 375 599
0 375 661
0 461 363
0 461 599
0 461 661
0 398 599
0 398 661
0 393 366
0 393 664
0 663 664
0 366 490
0 463 433
0 463 531
0 468 531
0 433 461
0 433 665
0 461 531
0 461 393
0 376 665
0 531 603
0 531 665
0 393 603
0 562 443
0 660 443
0 372 468
0 372 520
0 372 443
0 468 520
0 470 520
0 443 661
0 641 460
0 641 433
0 641 462
0 460 433
0 460 531
0 460 603
0 433 552
0 433 462
0 531 552
0 531 462
0 603 462
0 360 388
0 411 428
0 411 401
0 476 587
0 468 449
0 468 496
0 468 387
0 468 445
0 375 496
0 376 496
0 449 496
0 449 587
0 496 587
0 496 443
0 496 445
0 428 443
0 401 587
0 587 387
0 587 405
0 443 405
0 476 412
0 476 570
0 476 497
0 412 401
0 412 497
0 413 376
0 413 451
0 413 401
0 413 497
0 549 570
0 549 401
0 451 570
0 570 497
0 667 393
0 476 599
0 428 599
0 599 387
0 599 447
0 360 508
0 360 658
0 360 659
0 360 454
0 508 392
0 508 414
0 508 368
0 508 658
0 508 440
0 508 404
0 508 393
0 508 366
0 508 659
0 508 454
0 392 368
0 392 366
0 368 658
0 368 404
0 368 659
0 658 440
0 658 393
0 658 398
0 658 366
0 404 393
0 404 454
0 362 393
0 362 454
0 393 659
0 398 659
0 366 659
0 366 454
0 562 540
0 562 450
0 562 427
0 562 451
0 562 399
0 562 400
0 562 599
0 562 420
0 562 490
0 562 541
0 540 573
0 540 451
0 540 599
0 540 420
0 540 408
0 669 375
0 669 599
0 669 420
0 669 490
0 573 427
0 573 541
0 375 532
0 375 671
0 375 458
0 375 482
0 375 535
0 450 479
0 450 399
0 450 599
0 450 458
0 450 420
0 479 427
0 479 451
0 427 671
0 427 599
0 451 399
0 451 532
0 451 423
0 451 599
0 451 535
0 451 420
0 451 541
0 399 599
0 400 671
0 423 458
0 671 420
0 599 458
0 599 541
0 420 541
0 414 563
0 450 503
0 450 563
0 450 493
0 503 563
0 563 443
0 563 493
0 443 493
0 443 421
0 414 370
0 369 398
0 369 370
0 376 675
0 398 397
0 370 397
0 397 675
0 476 676
0 476 441
0 476 374
0 476 578
0 476 391
0 476 677
0 468 676
0 468 440
0 468 441
0 468 388
0 468 444
0 468 495
0 375 676
0 375 578
0 375 677
0 375 495
0 384 676
0 384 441
0 384 578
0 384 677
0 676 440
0 676 441
0 676 393
0 676 387
0 676 388
0 676 390
0 676 444
0 676 445
0 676 391
0 676 495
0 440 677
0 440 495
0 448 441
0 448 393
0 448 388
0 448 390
0 448 444
0 448 495
0 441 374
0 441 578
0 441 388
0 441 390
0 441 391
0 441 677
0 441 495
0 393 387
0 393 444
0 393 677
0 470 495
0 374 444
0 578 388
0 578 444
0 578 445
0 387 677
0 388 677
0 388 495
0 390 444
0 390 677
0 444 677
0 444 495
0 445 391
0 445 677
0 508 679
0 392 544
0 544 520
0 544 387
0 520 587
0 484 681
0 484 456
0 484 399
0 375 681
0 681 456
0 681 399
0 681 408
0 681 410
0 456 410
0 460 655
0 460 682
0 460 453
0 472 655
0 655 453
0 655 462
0 682 462
0 453 462
0 384 399
0 384 410
0 429 366
0 399 440
0 399 428
0 399 398
0 440 410
0 480 366
0 480 410
0 428 366
0 398 418
0 398 410
0 418 366
0 366 410
0 449 611
0 449 417
0 611 417
0 611 401
0 611 405
0 384 493
0 368 568
0 368 578
0 368 493
0 368 495
0 429 578
0 429 495
0 568 398
0 568 578
0 568 388
0 398 493
0 398 495
0 578 493
0 493 388
0 368 426
0 375 510
0 375 373
0 460 510
0 460 373
0 440 510
0 440 373
0 510 462
0 510 377
0 373 398
0 373 462
0 373 377
0 373 447
0 579 369
0 579 401
0 579 390
0 411 368
0 411 549
0 369 461
0 369 549
0 369 449
0 376 581
0 549 390
0 449 581
0 581 401
0 581 390
0 508 364
0 589 375
0 375 684
0 375 529
0 411 516
0 368 610
0 368 608
0 516 446
0 516 608
0 610 387
0 610 445
0 387 608
0 461 441
0 677 377
0 509 545
0 509 417
0 509 643
0 509 443
0 509 687
0 509 426
0 509 378
0 645 376
0 645 451
0 645 545
0 412 545
0 412 443
0 376 686
0 376 643
0 376 687
0 451 545
0 451 417
0 451 643
0 451 587
0 451 534
0 451 687
0 545 417
0 545 643
0 545 587
0 545 443
0 545 687
0 545 378
0 417 386
0 417 587
0 417 443
0 417 426
0 643 587
0 386 443
0 386 426
0 587 687
0 587 378
0 443 534
0 443 687
0 443 426
0 687 378
0 375 546
0 375 533
0 400 503
0 400 431
0 546 431
0 533 503
0 503 454
0 454 431
0 509 401
0 509 466
0 509 692
0 689 690
0 545 423
0 401 423
0 401 692
0 423 692
0 466 598
0 466 587
0 466 692
0 384 558
0 508 419
0 508 443
0 525 419
0 419 563
0 563 454
0 443 467
0 693 694
0 379 624
0 368 695
0 695 420
0 695 490
0 410 624
0 543 375
0 543 460
0 543 440
0 543 600
0 543 462
0 543 397
0 375 600
0 375 558
0 375 632
0 460 513
0 460 632
0 450 513
0 450 398
0 440 600
0 440 513
0 600 398
0 600 632
0 600 397
0 600 406
0 513 398
0 513 632
0 513 462
0 513 397
0 398 558
0 398 632
0 632 462
0 632 397
0 468 478
0 468 576
0 468 546
0 468 547
0 478 547
0 478 388
0 479 547
0 576 547
0 546 390
0 414 482
0 400 409
0 513 419
0 513 409
0 418 454
0 482 454
0 419 397
0 454 409
0 409 397
0 372 366
0 372 454
0 372 397
0 448 366
0 448 397
0 366 397
0 484 427
0 484 440
0 484 435
0 484 398
0 484 366
0 440 435
0 440 520
0 440 420
0 435 520
0 435 366
0 435 408
0 398 520
0 398 490
0 398 408
0 520 410
0 366 420
0 366 408
0 435 603
0 435 566
0 603 566
0 460 404
0 460 385
0 460 438
0 568 427
0 568 404
0 568 385
0 427 566
0 472 404
0 472 385
0 404 462
0 404 438
0 385 462
0 566 409
0 566 438
0 462 438
0 411 388
0 414 388
0 533 388
0 697 384
0 697 478
0 697 435
0 697 547
0 697 443
0 697 438
0 478 437
0 478 454
0 478 447
0 435 547
0 435 454
0 547 443
0 547 437
0 547 454
0 547 438
0 376 599
0 411 611
0 411 397
0 411 635
0 375 635
0 449 635
0 611 397
0 611 635
0 367 635
0 397 635
0 369 603
0 369 490
0 414 468
0 468 431
0 384 373
0 368 487
0 429 373
0 487 427
0 487 445
0 487 438
0 373 445
0 360 525
0 360 456
0 360 448
0 360 546
0 360 443
0 360 431
0 360 438
0 484 525
0 484 384
0 484 368
0 484 448
0 484 546
0 484 513
0 484 418
0 484 443
0 463 399
0 463 513
0 463 420
0 463 490
0 463 408
0 463 431
0 463 438
0 463 410
0 525 368
0 525 427
0 525 440
0 525 546
0 525 398
0 525 418
0 525 366
0 525 490
0 525 438
0 525 410
0 384 456
0 384 363
0 384 513
0 384 365
0 384 420
0 384 408
0 368 367
0 456 440
0 456 546
0 456 418
0 456 366
0 456 438
0 427 443
0 427 367
0 399 431
0 440 546
0 440 431
0 448 367
0 448 431
0 363 513
0 363 431
0 546 366
0 546 420
0 513 431
0 513 438
0 698 607
0 418 443
0 443 366
0 443 490
0 443 410
0 365 431
0 366 431
0 366 438
0 408 431
0 367 431
0 367 410
0 431 410
0 438 410
0 375 699
0 368 599
0 368 424
0 478 599
0 478 583
0 478 424
0 428 583
0 428 424
0 599 583
0 599 445
0 583 424
0 583 445
0 424 445
0 372 414
0 372 384
0 372 369
0 372 362
0 372 370
0 372 495
0 372 378
0 414 578
0 414 495
0 375 700
0 384 658
0 384 370
0 368 421
0 369 658
0 369 440
0 369 404
0 369 362
0 369 493
0 369 495
0 369 421
0 658 376
0 658 401
0 376 578
0 376 493
0 376 700
0 376 495
0 440 493
0 404 370
0 404 495
0 362 401
0 401 578
0 401 495
0 578 454
0 578 377
0 493 377
0 454 370
0 454 405
0 454 495
0 454 378
0 370 377
0 370 421
0 405 495
0 405 377
0 495 377
0 495 421
0 495 378
0 360 436
0 463 406
0 365 436
0 365 377
0 436 366
0 476 385
0 376 444
0 428 431
0 398 444
0 476 651
0 476 446
0 557 446
0 651 426
0 387 426
0 511 549
0 511 440
0 549 440
0 549 405
0 701 398
0 472 401
0 384 566
0 384 583
0 429 435
0 429 566
0 478 566
0 480 566
0 398 566
0 398 583
0 604 438
0 487 399
0 487 400
0 487 513
0 487 409
0 424 431
0 460 443
0 443 462
0 414 436
0 376 416
0 376 402
0 428 419
0 428 402
0 497 421
0 419 437
0 402 366
0 402 421
0 366 421
0 476 607
0 441 520
0 401 607
0 411 455
0 411 399
0 455 401
0 376 467
0 449 467
0 449 495
0 417 495
0 467 495
0 485 433
0 485 531
0 485 435
0 433 401
0 703 435
0 531 435
0 531 401
0 435 452
0 452 401
0 484 554
0 554 420
0 383 707
0 383 446
0 375 707
0 375 526
0 707 440
0 440 526
0 362 446
0 528 603
0 528 552
0 411 525
0 411 456
0 496 398
0 504 427
0 540 372
0 372 594
0 500 410
0 448 566
0 566 408
0 476 697
0 411 437
0 697 375
0 478 440
0 437 378
0 390 378
0 540 404
0 540 362
0 540 398
0 375 708
0 510 436
0 398 539
0 398 541
0 710 531
0 540 384
0 392 424
0 384 424
0 384 541
0 484 452
0 611 387
0 449 571
0 428 571
0 631 711
0 631 438
0 484 479
0 484 480
0 484 377
0 567 479
0 567 576
0 567 377
0 576 444
0 383 447
0 713 714
0 713 715
0 460 487
0 460 446
0 487 462
0 714 715
0 446 462
0 446 397
0 414 471
0 449 471
0 411 480
0 411 474
0 411 438
0 411 377
0 449 474
0 388 377
0 390 474
0 474 377
0 476 502
0 460 502
0 460 401
0 502 480
0 502 462
0 502 431
0 401 462
0 383 470
0 383 632
0 543 445
0 460 366
0 460 389
0 600 387
0 600 366
0 600 389
0 600 445
0 600 446
0 387 632
0 387 366
0 632 366
0 632 389
0 366 446
0 366 462
0 389 446
0 389 462
0 557 440
0 557 441
0 557 393
0 557 390
0 567 441
0 567 393
0 567 578
0 510 441
0 510 393
0 578 438
0 438 495
0 399 441
0 417 398
0 417 445
0 398 571
0 571 445
0 373 600
0 373 362
0 372 460
0 372 565
0 372 445
0 372 462
0 460 565
0 565 445
0 565 462
0 565 397
0 371 427
0 371 417
0 427 417
0 718 433
0 433 441
0 433 503
0 456 441
0 456 393
0 456 503
0 441 513
0 441 503
0 441 395
0 393 503
0 513 503
0 477 387
0 477 445
0 411 435
0 411 481
0 441 481
0 435 390
0 435 445
0 481 387
0 481 445
0 484 369
0 369 420
0 393 566
0 393 517
0 393 657
0 525 409
0 456 487
0 456 409
0 443 409
0 411 513
0 411 420
0 411 408
0 414 487
0 525 375
0 504 375
0 504 400
0 504 513
0 504 443
0 504 366
0 504 445
0 455 513
0 375 487
0 487 366
0 400 366
0 459 392
0 459 376
0 392 545
0 414 549
0 414 545
0 414 547
0 414 520
0 375 545
0 549 520
0 549 447
0 545 547
0 545 421
0 545 447
0 428 547
0 428 520
0 643 547
0 643 520
0 547 520
0 412 438
0 412 447
0 441 428
0 476 372
0 476 610
0 476 370
0 372 417
0 372 428
0 384 610
0 384 571
0 610 417
0 610 401
0 610 571
0 610 405
0 428 370
0 722 375
0 722 427
0 722 448
0 722 387
0 697 387
0 375 588
0 375 666
0 375 499
0 375 724
0 427 588
0 427 444
0 448 404
0 404 513
0 404 588
0 513 387
0 588 387
0 387 724
0 366 444
0 375 640
0 435 640
0 640 547
0 640 443
0 500 376
0 500 427
0 500 398
0 368 433
0 368 531
0 433 369
0 433 398
0 433 671
0 433 725
0 369 531
0 376 671
0 376 725
0 427 725
0 531 398
0 531 671
0 531 725
0 484 603
0 484 624
0 525 603
0 525 566
0 368 603
0 368 566
0 368 524
0 487 603
0 487 566
0 487 381
0 487 624
0 581 381
0 581 624
0 603 443
0 381 518
0 381 624
0 443 524
0 408 518
0 408 624
0 518 624
0 443 424
0 424 454
0 424 438
0 424 447
0 477 376
0 477 471
0 449 520
0 449 426
0 727 728
0 520 424
0 520 426
0 511 401
0 511 387
0 412 393
0 412 387
0 376 729
0 393 570
0 393 497
0 570 466
0 401 729
0 497 466
0 497 387
0 502 376
0 450 516
0 450 417
0 450 390
0 450 495
0 478 417
0 516 417
0 516 378
0 417 390
0 392 436
0 436 370
0 392 546
0 450 366
0 383 616
0 383 726
0 383 426
0 460 616
0 460 707
0 460 726
0 616 726
0 616 655
0 616 462
0 616 426
0 707 730
0 707 462
0 707 426
0 730 426
0 726 655
0 726 462
0 726 426
0 655 426
0 526 426
0 537 411
0 540 443
0 552 566
0 443 541
0 443 506
0 513 564
0 513 377
0 521 440
0 521 726
0 521 405
0 375 726
0 440 726
0 726 401
0 726 387
0 726 405
0 508 544
0 508 401
0 508 387
0 508 388
0 508 405
0 383 731
0 383 451
0 383 458
0 731 458
0 731 387
0 544 451
0 544 405
0 451 388
0 451 405
0 401 458
0 458 388
0 414 386
0 440 386
0 362 386
0 454 367
0 455 467
0 375 732
0 375 733
0 732 733
0 476 406
0 375 568
0 478 406
0 568 406
0 433 486
0 433 413
0 433 467
0 486 531
0 486 401
0 413 531
0 413 467
0 560 603
0 560 467
0 560 490
0 531 467
0 603 467
0 572 445
0 566 453
0 411 433
0 411 576
0 576 420
0 576 445
0 420 390
0 383 563
0 383 431
0 383 377
0 563 367
0 563 377
0 367 405
0 502 440
0 429 450
0 450 424
0 440 424
0 424 377
0 521 372
0 521 460
0 521 368
0 521 655
0 521 462
0 372 655
0 368 655
0 383 476
0 392 432
0 476 432
0 432 387
0 480 578
0 480 495
0 481 437
0 481 444
0 437 444
0 392 363
0 392 365
0 734 362
0 734 735
0 375 701
0 701 362
0 363 385
0 363 454
0 513 385
0 385 365
0 365 454
0 476 404
0 376 572
0 404 428
0 404 431
0 572 431
0 572 377
0 736 448
0 468 366
0 713 376
0 376 560
0 376 714
0 376 715
0 453 420
0 508 450
0 508 376
0 392 460
0 392 479
0 392 435
0 392 444
0 392 462
0 460 429
0 460 479
0 460 441
0 460 435
0 460 444
0 429 404
0 429 441
0 429 462
0 450 404
0 450 536
0 478 404
0 478 441
0 478 393
0 479 393
0 479 366
0 479 536
0 479 462
0 479 447
0 404 447
0 441 366
0 441 536
0 441 462
0 435 536
0 435 462
0 395 444
0 395 536
0 366 536
0 366 447
0 444 536
0 444 462
0 536 447
0 507 401
0 507 387
0 401 612
0 612 405
0 740 376
0 740 438
0 392 371
0 392 413
0 579 413
0 579 387
0 476 371
0 476 608
0 371 413
0 371 376
0 371 438
0 413 387
0 413 438
0 496 438
0 742 661
0 371 440
0 371 599
0 371 587
0 371 443
0 371 445
0 371 406
0 478 587
0 478 623
0 427 503
0 427 661
0 440 503
0 440 599
0 440 566
0 440 661
0 401 599
0 401 566
0 401 661
0 401 623
0 503 566
0 503 445
0 503 406
0 599 443
0 566 445
0 587 661
0 661 406
0 469 520
0 469 437
0 469 495
0 469 378
0 708 443
0 451 466
0 451 520
0 451 437
0 451 506
0 451 495
0 545 470
0 545 437
0 545 506
0 545 495
0 470 466
0 470 437
0 470 506
0 466 520
0 466 437
0 520 495
0 520 378
0 437 506
0 392 448
0 392 495
0 476 436
0 468 436
0 448 480
0 448 377
0 436 447
0 495 447
0 435 593
0 443 536
0 544 398
0 544 426
0 544 378
0 549 514
0 549 378
0 398 514
0 372 563
0 472 397
0 745 401
0 401 563
0 401 594
0 563 397
0 563 594
0 562 433
0 562 369
0 562 362
0 562 393
0 392 560
0 392 510
0 392 408
0 667 375
0 667 384
0 667 429
0 667 479
0 667 435
0 667 437
0 667 390
0 667 444
0 667 438
0 667 447
0 484 460
0 484 560
0 484 404
0 484 441
0 484 362
0 484 462
0 375 566
0 460 516
0 460 437
0 384 433
0 368 479
0 368 441
0 368 437
0 433 429
0 433 444
0 433 447
0 429 369
0 369 444
0 369 438
0 479 510
0 479 566
0 516 404
0 516 441
0 516 437
0 516 462
0 427 560
0 427 510
0 427 441
0 560 393
0 560 437
0 560 438
0 404 390
0 441 398
0 441 408
0 441 593
0 362 408
0 393 408
0 566 437
0 566 390
0 604 408
0 437 462
0 390 408
0 408 447
0 593 438
0 455 438
0 452 445
0 375 518
0 472 445
0 401 518
0 463 746
0 414 373
0 414 747
0 415 376
0 415 398
0 375 746
0 375 747
0 460 746
0 460 747
0 376 373
0 376 746
0 376 747
0 440 746
0 398 746
0 746 462
0 746 377
0 462 747
0 377 747
0 375 531
0 456 533
0 456 397
0 529 546
0 529 503
0 531 546
0 531 503
0 531 397
0 441 546
0 441 397
0 393 458
0 546 458
0 533 458
0 503 397
0 458 397
0 395 420
0 659 397
0 388 366
0 375 590
0 461 588
0 476 707
0 384 707
0 707 376
0 707 401
0 476 611
0 476 542
0 411 429
0 611 445
0 401 542
0 400 610
0 400 566
0 484 445
0 392 515
0 414 515
0 450 515
0 440 515
0 484 401
0 484 409
0 428 409
0 392 524
0 387 524
0 444 524
0 392 419
0 392 409
0 392 410
0 460 549
0 460 417
0 460 419
0 460 405
0 516 405
0 376 410
0 549 417
0 549 393
0 549 443
0 549 437
0 549 420
0 549 462
0 549 410
0 440 417
0 440 419
0 417 437
0 417 462
0 393 409
0 393 410
0 419 462
0 437 409
0 437 405
0 437 410
0 462 405
0 521 414
0 521 493
0 521 406
0 502 398
0 502 406
0 445 471
0 537 372
0 537 375
0 372 385
0 722 385
0 404 397
0 419 436
0 411 384
0 549 387
0 428 495
0 508 410
0 521 411
0 411 502
0 463 445
0 450 431
0 398 424
0 476 640
0 411 676
0 411 640
0 392 710
0 392 451
0 476 710
0 476 531
0 710 375
0 710 461
0 710 376
0 710 496
0 710 401
0 710 387
0 710 447
0 375 623
0 433 451
0 433 519
0 658 387
0 658 623
0 658 447
0 461 451
0 461 496
0 461 408
0 413 417
0 413 393
0 413 408
0 451 531
0 451 393
0 451 519
0 451 447
0 496 393
0 496 437
0 496 447
0 531 519
0 531 387
0 531 408
0 531 447
0 417 519
0 417 447
0 393 623
0 519 401
0 387 623
0 449 362
0 449 366
0 579 478
0 549 438
0 401 367
0 419 367
0 367 409
0 367 406
0 409 377
0 409 406
0 468 563
0 478 563
0 563 445
0 478 545
0 545 424
0 545 438
0 756 568
0 404 386
0 469 375
0 469 731
0 469 428
0 469 757
0 375 731
0 375 757
0 731 376
0 731 428
0 731 757
0 707 428
0 376 757
0 376 758
0 428 757
0 392 588
0 372 588
0 376 588
0 401 588
0 588 431
0 431 397
0 642 468
0 642 444
0 547 444
0 401 374
0 669 376
0 504 376
0 504 387
0 504 377
0 504 447
0 376 446
0 404 515
0 537 401
0 537 398
0 537 387
0 537 406
0 372 367
0 547 387
0 508 426
0 383 549
0 383 496
0 383 520
0 383 498
0 616 549
0 616 387
0 707 520
0 707 387
0 707 498
0 549 496
0 549 498
0 496 520
0 520 498
0 387 498
0 632 426
0 508 599
0 392 467
0 375 506
0 376 506
0 404 426
0 417 599
0 519 398
0 398 467
0 599 426
0 599 378
0 360 428
0 360 447
0 392 504
0 392 514
0 579 428
0 476 504
0 476 514
0 504 384
0 504 428
0 504 438
0 384 549
0 384 514
0 376 514
0 428 514
0 514 438
0 514 447
0 392 463
0 463 588
0 414 588
0 521 764
0 764 375
0 764 460
0 764 384
0 764 440
0 764 387
0 764 445
0 764 462
0 372 516
0 516 397
0 472 405
0 397 405
0 521 478
0 521 443
0 538 726
0 538 370
0 468 460
0 468 462
0 468 397
0 460 434
0 460 471
0 460 421
0 478 655
0 478 421
0 434 655
0 434 445
0 434 462
0 434 397
0 655 471
0 655 397
0 471 462
0 462 421
0 397 421
0 360 765
0 360 401
0 360 386
0 360 387
0 360 421
0 521 392
0 521 399
0 521 363
0 521 386
0 521 365
0 521 431
0 521 421
0 392 361
0 392 765
0 392 386
0 414 765
0 361 375
0 361 440
0 361 401
0 361 387
0 375 765
0 399 386
0 399 377
0 765 398
0 765 454
0 363 387
0 363 377
0 401 365
0 401 366
0 386 366
0 386 377
0 386 421
0 387 365
0 387 421
0 360 411
0 417 618
0 618 378
0 451 676
0 676 545
0 676 443
0 496 545
0 392 367
0 599 431
0 659 431
0 373 401
0 373 406
0 385 445
0 476 544
0 476 538
0 476 536
0 411 417
0 375 544
0 544 449
0 544 538
0 544 417
0 544 428
0 538 417
0 538 428
0 540 476
0 540 655
0 540 387
0 540 437
0 540 378
0 476 655
0 476 541
0 655 387
0 655 541
0 387 541
0 437 541
0 541 378
0 429 381
0 487 376
0 487 588
0 487 398
0 376 381
0 588 398
0 588 381
0 588 438
0 381 438
0 508 409
0 508 406
0 414 396
0 375 396
0 540 545
0 372 451
0 372 545
0 369 545
0 476 513
0 476 420
0 525 397
0 456 419
0 360 562
0 521 428
0 562 414
0 562 440
0 562 436
0 376 365
0 765 362
0 765 436
0 362 428
0 428 436
0 521 390
0 411 427
0 411 471
0 427 453
0 660 401
0 461 516
0 427 619
0 557 375
0 557 479
0 557 401
0 522 375
0 522 390
0 697 479
0 697 551
0 697 401
0 567 401
0 567 481
0 384 520
0 384 518
0 479 520
0 479 518
0 510 401
0 551 401
0 520 390
0 481 447
0 511 392
0 392 700
0 424 444
0 504 440
0 384 474
0 429 474
0 542 388
0 542 438
0 542 377
0 360 372
0 360 369
0 360 450
0 360 370
0 562 385
0 562 454
0 562 370
0 372 450
0 372 388
0 372 424
0 369 424
0 369 431
0 450 658
0 450 388
0 450 659
0 450 370
0 658 385
0 658 388
0 658 431
0 376 659
0 385 659
0 385 370
0 388 424
0 383 424
0 376 726
0 549 726
0 549 424
0 549 389
0 440 498
0 726 398
0 726 389
0 726 378
0 401 389
0 389 426
0 388 437
0 521 385
0 521 409
0 372 409
0 372 438
0 502 405
0 480 405
0 438 405
0 411 567
0 411 510
0 567 446
0 510 446
0 388 446
0 375 586
0 586 417
0 586 401
0 660 450
0 414 664
0 415 450
0 415 443
0 450 661
0 385 443
0 385 378
0 537 440
0 537 362
0 461 454
0 521 513
0 392 525
0 392 456
0 525 406
0 456 406
0 521 388
0 449 454
0 388 421
0 660 525
0 525 661
0 396 661
0 661 366
0 375 542
0 441 542
0 401 446
0 542 390
0 390 446
0 360 460
0 360 462
0 484 695
0 368 486
0 369 487
0 695 603
0 540 433
0 540 429
0 540 531
0 540 390
0 384 531
0 433 541
0 429 443
0 429 541
0 531 443
0 531 541
0 533 443
0 533 438
0 420 447
0 390 541
0 433 366
0 433 410
0 399 491
0 366 491
0 371 635
0 411 467
0 468 426
0 401 682
0 567 624
0 368 576
0 479 624
0 576 624
0 480 624
0 557 478
0 567 478
0 567 774
0 478 774
0 523 547
0 460 367
0 367 462
0 718 376
0 718 451
0 433 564
0 451 513
0 451 564
0 451 421
0 513 421
0 463 571
0 463 419
0 372 549
0 372 538
0 372 632
0 375 647
0 460 647
0 460 538
0 460 638
0 460 639
0 384 614
0 384 655
0 384 632
0 647 462
0 549 538
0 549 655
0 549 583
0 549 445
0 538 440
0 538 655
0 538 445
0 538 462
0 440 614
0 440 583
0 638 462
0 639 462
0 456 401
0 392 402
0 508 521
0 508 386
0 508 377
0 460 498
0 707 785
0 470 426
0 498 462
0 550 433
0 550 399
0 550 443
0 550 420
0 433 571
0 399 571
0 786 420
0 787 376
0 369 467
0 451 467
0 428 467
0 411 385
0 411 426
0 376 363
0 363 426
0 385 426
0 365 426
0 431 426
0 540 478
0 540 547
0 478 541
0 545 541
0 547 541
0 400 438
0 489 445
0 436 397
0 375 497
0 441 564
0 497 563
0 497 447
0 564 444
0 566 471
0 521 393
0 658 449
0 658 397
0 658 406
0 393 431
0 388 406
0 468 599
0 384 599
0 441 385
0 441 367
0 441 431
0 441 421
0 385 377
0 445 367
0 367 421
0 550 375
0 479 378
0 383 565
0 383 454
0 375 565
0 440 565
0 449 444
0 428 635
0 449 657
0 550 525
0 550 456
0 525 401
0 508 461
0 508 449
0 508 397
0 508 421
0 449 659
0 401 659
0 659 377
0 659 406
0 375 789
0 450 549
0 401 789
0 789 378
0 385 578
0 385 495
0 578 431
0 446 431
0 431 495
0 450 655
0 742 484
0 484 661
0 375 729
0 478 729
0 392 446
0 372 389
0 372 446
0 511 449
0 511 398
0 646 376
0 401 643
0 375 615
0 375 664
0 360 441
0 414 441
0 658 443
0 456 376
0 376 503
0 376 406
0 451 440
0 451 546
0 451 533
0 451 503
0 451 547
0 451 397
0 451 406
0 440 547
0 393 547
0 546 406
0 521 389
0 383 468
0 468 424
0 375 474
0 424 390
0 474 445
0 508 476
0 508 399
0 414 544
0 544 376
0 544 421
0 599 377
0 599 421
0 567 367
0 562 700
0 461 700
0 521 611
0 383 450
0 383 611
0 392 411
0 392 611
0 392 474
0 411 450
0 450 461
0 461 539
0 376 539
0 376 474
0 427 611
0 427 539
0 393 474
0 521 476
0 722 398
0 460 451
0 460 495
0 451 462
0 451 431
0 462 495
0 361 368
0 361 427
0 428 513
0 513 390
0 371 414
0 448 362
0 360 426
0 383 793
0 375 793
0 376 732
0 376 733
0 732 401
0 732 387
0 732 378
0 793 655
0 793 387
0 401 733
0 387 733
0 435 388
0 414 497
0 545 454
0 497 443
0 497 438
0 571 454
0 371 450
0 372 541
0 484 482
0 525 482
0 486 399
0 486 400
0 400 603
0 482 443
0 443 491
0 764 398
0 460 608
0 427 419
0 462 608
0 476 400
0 476 409
0 411 454
0 411 409
0 411 421
0 414 531
0 468 549
0 468 408
0 361 376
0 361 393
0 361 397
0 525 450
0 525 531
0 525 421
0 415 454
0 415 397
0 450 456
0 450 531
0 450 409
0 456 421
0 549 397
0 531 445
0 531 454
0 531 421
0 400 421
0 401 513
0 445 409
0 450 496
0 449 503
0 449 623
0 655 503
0 503 398
0 398 623
0 372 386
0 376 538
0 538 386
0 538 405
0 428 386
0 383 746
0 746 406
0 463 707
0 463 599
0 707 599
0 427 396
0 599 396
0 470 377
0 513 426
0 468 429
0 429 547
0 404 490
0 386 447
0 443 370
0 503 471
0 503 438
0 433 487
0 383 502
0 375 797
0 416 387
0 417 797
0 417 406
0 401 797
0 387 797
0 797 405
0 797 406
0 611 443
0 427 563
0 479 428
0 479 385
0 376 593
0 401 593
0 567 381
0 384 581
0 384 381
0 487 401
0 550 513
0 550 408
0 550 484
0 550 531
0 484 361
0 455 433
0 455 450
0 433 450
0 513 671
0 523 387
0 523 443
0 743 387
0 743 443
0 754 443
0 431 378
0 508 369
0 392 457
0 392 364
0 375 457
0 375 624
0 368 451
0 457 364
0 376 364
0 451 436
0 364 513
0 364 387
0 364 436
0 387 624
0 566 489
0 540 428
0 414 532
0 451 493
0 532 387
0 532 388
0 532 454
0 428 541
0 588 454
0 669 401
0 504 461
0 504 401
0 504 426
0 461 378
0 371 428
0 371 393
0 478 467
0 393 467
0 514 431
0 450 467
0 571 409
0 571 377
0 396 377
0 495 406
0 427 515
0 393 515
0 398 515
0 486 513
0 486 402
0 486 409
0 456 519
0 456 566
0 400 519
0 519 513
0 519 402
0 519 409
0 402 409
0 549 467
0 503 535
0 645 497
0 544 586
0 544 470
0 544 497
0 451 586
0 586 470
0 586 378
0 470 497
0 497 467
0 368 588
0 360 458
0 392 660
0 392 458
0 392 661
0 660 361
0 660 376
0 660 428
0 361 661
0 376 661
0 428 458
0 428 661
0 376 701
0 376 583
0 417 583
0 401 638
0 392 502
0 658 445
0 445 659
0 375 381
0 740 375
0 740 406
0 511 476
0 511 478
0 476 745
0 414 570
0 375 745
0 375 581
0 450 470
0 450 570
0 658 478
0 658 390
0 478 570
0 478 581
0 376 745
0 449 470
0 449 570
0 449 745
0 440 570
0 393 745
0 470 570
0 470 503
0 470 406
0 570 406
0 503 390
0 390 406
0 383 449
0 461 493
0 449 493
0 484 388
0 559 441
0 559 435
0 435 397
0 388 420
0 388 408
0 550 410
0 399 437
0 560 410
0 531 410
0 513 437
0 452 566
0 452 420
0 411 424
0 431 635
0 372 419
0 507 566
0 549 746
0 746 387
0 746 405
0 746 378
0 384 529
0 461 529
0 461 564
0 529 447
0 513 491
0 681 401
0 476 764
0 764 441
0 764 393
0 468 451
0 468 545
0 764 401
0 463 538
0 508 427
0 508 385
0 427 538
0 416 404
0 404 396
0 599 405
0 478 456
0 456 435
0 519 438
0 448 539
0 375 774
0 774 401
0 774 387
0 616 397
0 463 437
0 516 449
0 540 587
0 372 507
0 587 541
0 383 443
0 469 547
0 465 443
0 568 431
0 428 364
0 364 431
0 455 603
0 463 421
0 429 385
0 476 635
0 722 408
0 722 406
0 392 745
0 392 563
0 429 461
0 461 745
0 765 393
0 393 563
0 383 497
0 414 479
0 383 429
0 429 389
0 476 545
0 521 614
0 439 460
0 439 384
0 439 462
0 460 442
0 384 442
0 614 387
0 614 377
0 565 387
0 442 462
0 522 398
0 632 377
0 367 426
0 426 406
0 782 375
0 616 417
0 616 401
0 616 405
0 616 378
0 549 599
0 545 570
0 545 599
0 545 387
0 545 405
0 417 520
0 570 599
0 570 520
0 570 405
0 570 378
0 599 520
0 520 405
0 540 564
0 540 471
0 477 437
0 551 420
0 551 564
0 551 471
0 420 471
0 541 471
0 550 566
0 414 707
0 588 405
0 392 567
0 504 404
0 504 398
0 504 390
0 504 444
0 504 431
0 614 398
0 614 390
0 614 438
0 371 549
0 371 520
0 393 520
0 383 412
0 414 510
0 384 436
0 432 414
0 432 376
0 432 545
0 432 497
0 586 545
0 586 520
0 551 566
0 710 428
0 710 438
0 504 368
0 384 471
0 429 471
0 471 431
0 567 460
0 567 462
0 401 746
0 746 389
0 460 635
0 462 635
0 476 563
0 449 446
0 455 460
0 455 462
0 521 378
0 480 378
0 493 445
0 493 397
0 522 428
0 369 588
0 440 551
0 440 588
0 428 551
0 428 367
0 385 588
0 375 626
0 460 363
0 460 626
0 460 365
0 363 462
0 363 406
0 626 462
0 365 462
0 365 397
0 740 437
0 722 438
0 448 435
0 437 406
0 413 406
0 522 547
0 547 810
0 383 811
0 383 417
0 476 463
0 476 458
0 463 417
0 463 426
0 468 417
0 463 387
0 375 619
0 450 436
0 478 461
0 478 472
0 472 507
0 472 619
0 472 443
0 507 431
0 393 436
0 470 397
0 619 431
0 443 436
0 436 445
0 437 431
0 437 397
0 455 368
0 368 515
0 369 366
0 665 420
0 476 474
0 474 431
0 433 551
0 557 376
0 383 812
0 611 583
0 611 406
0 583 377
0 468 611
0 468 564
0 476 624
0 384 624
0 429 624
0 576 520
0 401 624
0 375 561
0 372 496
0 369 538
0 496 538
0 496 370
0 484 519
0 519 410
0 411 503
0 372 426
0 460 524
0 440 610
0 440 524
0 462 524
0 397 426
0 362 409
0 372 393
0 372 447
0 393 370
0 368 413
0 478 413
0 413 390
0 467 390
0 467 438
0 540 440
0 440 541
0 476 743
0 433 547
0 743 435
0 743 438
0 786 438
0 369 406
0 373 426
0 507 435
0 640 566
0 478 385
0 392 522
0 710 449
0 522 461
0 461 389
0 449 389
0 449 539
0 387 539
0 449 365
0 362 426
0 366 426
0 370 406
0 484 406
0 487 406
0 507 428
0 427 495
0 469 417
0 469 587
0 544 563
0 451 563
0 417 470
0 417 563
0 470 587
0 563 378
0 522 564
0 412 444
0 449 564
0 478 635
0 368 572
0 572 426
0 676 471
0 450 405
0 375 713
0 375 714
0 375 715
0 713 428
0 428 714
0 428 715
0 388 564
0 562 445
0 583 426
0 522 566
0 529 435
0 529 566
0 435 551
0 653 566
0 566 553
0 566 554
0 566 637
0 537 426
0 550 445
0 399 519
0 519 443
0 519 445
0 423 387
0 485 438
0 603 410
0 817 732
0 469 732
0 469 570
0 509 758
0 643 466
0 372 436
0 369 436
0 440 434
0 561 490
0 463 487
0 463 370
0 487 440
0 487 387
0 363 409
0 365 409
0 496 692
0 385 563
0 372 572
0 372 363
0 372 365
0 572 406
0 468 399
0 468 466
0 509 544
0 509 496
0 509 520
0 469 586
0 469 496
0 469 692
0 544 496
0 376 586
0 586 443
0 399 545
0 399 520
0 496 466
0 414 655
0 414 724
0 417 655
0 417 503
0 417 397
0 655 385
0 655 563
0 655 406
0 470 398
0 470 421
0 563 406
0 383 509
0 383 625
0 375 625
0 460 625
0 398 625
0 625 462
0 389 406
0 392 610
0 414 610
0 450 610
0 610 408
0 508 445
0 414 426
0 439 398
0 439 426
0 398 442
0 442 426
0 521 447
0 414 496
0 414 467
0 375 675
0 538 387
0 538 397
0 538 378
0 387 467
0 478 544
0 478 789
0 478 797
0 478 405
0 544 570
0 393 378
0 470 405
0 570 797
0 789 387
0 789 405
0 631 375
0 740 420
0 463 506
0 722 420
0 420 406
0 506 438
0 610 519
0 519 571
0 414 566
0 414 517
0 414 657
0 414 725
0 460 517
0 460 657
0 460 725
0 461 396
0 461 725
0 427 657
0 362 396
0 362 657
0 393 725
0 517 462
0 657 462
0 462 725
0 676 480
0 676 436
0 435 624
0 765 385
0 433 695
0 695 560
0 695 531
0 383 676
0 383 757
0 383 599
0 383 583
0 392 676
0 392 583
0 509 731
0 509 757
0 509 599
0 509 583
0 509 454
0 731 496
0 731 811
0 376 676
0 676 454
0 496 757
0 496 599
0 496 458
0 496 583
0 496 454
0 811 757
0 757 458
0 458 454
0 532 443
0 375 403
0 403 608
0 401 608
0 608 405
0 642 451
0 642 401
0 509 547
0 376 635
0 451 635
0 401 547
0 412 398
0 412 471
0 549 471
0 823 448
0 823 824
0 448 824
0 611 378
0 460 611
0 611 462
0 384 608
0 417 431
0 707 419
0 707 405
0 386 397
0 392 764
0 392 635
0 764 414
0 764 377
0 414 635
0 384 635
0 450 635
0 440 635
0 393 635
0 387 635
0 445 635
0 454 635
0 635 377
0 579 377
0 392 471
0 399 503
0 368 563
0 640 437
0 537 366
0 476 366
0 542 431
0 372 746
0 746 436
0 746 431
0 386 436
0 436 367
0 401 436
0 440 472
0 546 563
0 546 421
0 563 388
0 564 431
0 531 388
0 468 369
0 372 463
0 372 707
0 667 376
0 718 531
0 718 546
0 433 449
0 433 440
0 478 533
0 449 451
0 449 531
0 449 546
0 450 726
0 478 726
0 478 553
0 726 443
0 476 713
0 476 714
0 476 715
0 463 570
0 713 401
0 713 426
0 714 401
0 714 426
0 401 715
0 715 426
0 385 493
0 384 545
0 586 643
0 586 547
0 586 438
0 754 547
0 427 655
0 414 519
0 414 490
0 361 410
0 525 519
0 400 387
0 519 490
0 387 490
0 502 655
0 411 472
0 411 551
0 468 567
0 468 551
0 567 449
0 567 524
0 429 449
0 472 390
0 445 524
0 764 438
0 764 378
0 392 466
0 375 466
0 478 466
0 428 466
0 404 410
0 362 490
0 362 410
0 392 571
0 451 610
0 451 445
0 642 545
0 521 543
0 521 567
0 521 510
0 521 373
0 521 600
0 383 373
0 557 398
0 543 384
0 384 600
0 373 389
0 373 397
0 461 497
0 376 803
0 497 583
0 384 715
0 715 387
0 715 445
0 521 370
0 476 373
0 516 373
0 373 387
0 543 401
0 522 443
0 384 536
0 551 443
0 540 745
0 540 514
0 451 514
0 745 541
0 745 447
0 372 390
0 496 495
0 400 520
0 392 542
0 478 542
0 542 447
0 444 471
0 540 529
0 710 529
0 383 578
0 427 493
0 443 747
0 454 747
0 376 797
0 602 376
0 507 377
0 478 611
0 440 611
0 360 389
0 476 386
0 476 389
0 389 431
0 726 397
0 726 438
0 655 438
0 372 498
0 655 746
0 472 378
0 576 437
0 392 644
0 376 644
0 401 644
0 383 645
0 383 423
0 392 412
0 432 412
0 412 496
0 461 471
0 496 423
0 496 547
0 547 564
0 547 471
0 511 431
0 414 645
0 414 535
0 546 535
0 546 725
0 383 764
0 383 538
0 764 389
0 414 389
0 538 389
0 369 396
0 610 393
0 610 454
0 545 732
0 459 398
0 587 495
0 495 426
0 660 393
0 660 387
0 658 428
0 531 545
0 531 428
0 531 444
0 545 393
0 757 387
0 393 661
0 387 661
0 599 563
0 411 782
0 439 366
0 442 366
0 520 467
0 411 726
0 726 445
0 726 431
0 476 423
0 376 499
0 423 583
0 560 519
0 567 427
0 376 744
0 478 665
0 665 443
0 375 616
0 360 409
0 399 515
0 408 515
0 416 519
0 610 420
0 375 841
0 676 435
0 722 401
0 448 401
0 367 495
0 438 635
0 504 460
0 504 462
0 476 523
0 567 435
0 479 743
0 743 401
0 411 404
0 713 387
0 713 431
0 714 387
0 714 431
0 715 431
0 416 398
0 398 402
0 562 531
0 562 513
0 660 513
0 513 661
0 383 587
0 383 661
0 660 469
0 660 451
0 432 469
0 432 451
0 468 732
0 468 570
0 469 661
0 469 687
0 544 547
0 451 732
0 451 661
0 732 520
0 732 443
0 570 587
0 570 443
0 547 587
0 547 378
0 520 733
0 520 687
0 508 660
0 508 661
0 660 399
0 660 421
0 399 563
0 399 661
0 661 421
0 476 402
0 387 402
0 402 431
0 360 390
0 364 406
0 616 398
0 384 726
0 372 726
0 400 398
0 414 681
0 525 681
0 681 400
0 681 513
0 681 443
0 519 482
0 516 377
0 525 451
0 525 533
0 525 503
0 525 535
0 451 444
0 533 445
0 443 535
0 681 420
0 379 487
0 538 398
0 508 367
0 366 390
0 366 677
0 677 447
0 449 545
0 845 420
0 511 468
0 436 454
0 713 384
0 713 445
0 384 616
0 384 714
0 714 445
0 386 445
0 632 378
0 390 635
0 446 378
0 476 726
0 414 472
0 472 419
0 726 377
0 661 420
0 375 725
0 533 725
0 461 495
0 533 566
0 372 624
0 368 407
0 588 624
0 372 411
0 540 383
0 540 484
0 540 385
0 383 513
0 383 420
0 383 541
0 484 376
0 484 385
0 414 452
0 375 452
0 375 657
0 376 452
0 385 541
0 543 726
0 543 378
0 631 443
0 631 420
0 484 454
0 440 474
0 484 402
0 418 624
0 383 516
0 588 406
0 726 565
0 486 398
0 486 366
0 366 409
0 490 409
0 504 410
0 472 406
0 746 397
0 746 426
0 562 496
0 511 540
0 511 427
0 511 541
0 540 496
0 540 472
0 642 435
0 642 428
0 433 428
0 531 547
0 472 541
0 435 665
0 428 420
0 551 665
0 665 547
0 478 743
0 478 640
0 743 640
0 640 401
0 708 376
0 708 438
0 549 466
0 467 729
0 433 364
0 519 454
0 364 454
0 490 454
0 502 427
0 540 856
0 540 468
0 540 643
0 540 520
0 856 541
0 468 541
0 549 611
0 740 427
0 360 540
0 360 429
0 360 541
0 360 635
0 562 546
0 562 533
0 562 366
0 562 635
0 540 445
0 540 635
0 414 435
0 414 671
0 384 519
0 461 399
0 461 546
0 461 533
0 461 671
0 461 635
0 427 519
0 427 635
0 399 435
0 435 546
0 435 513
0 435 564
0 393 671
0 393 365
0 546 445
0 533 366
0 519 366
0 443 635
0 366 635
0 541 445
0 541 635
0 376 735
0 460 793
0 440 793
0 793 462
0 480 655
0 655 493
0 419 493
0 385 366
0 368 519
0 460 474
0 401 474
0 474 462
0 449 588
0 571 431
0 371 469
0 371 545
0 371 495
0 414 469
0 414 587
0 469 643
0 469 467
0 545 467
0 417 466
0 587 467
0 445 515
0 509 732
0 401 687
0 643 387
0 387 687
0 476 746
0 414 486
0 858 486
0 408 426
0 383 441
0 660 438
0 432 401
0 661 438
0 417 377
0 436 426
0 463 655
0 480 563
0 480 386
0 655 386
0 655 377
0 563 386
0 531 566
0 383 428
0 376 473
0 376 475
0 525 478
0 478 513
0 478 410
0 450 362
0 557 435
0 537 445
0 537 405
0 562 397
0 392 373
0 371 447
0 373 446
0 446 438
0 479 413
0 479 467
0 413 576
0 413 443
0 576 467
0 450 743
0 456 603
0 484 478
0 484 533
0 484 503
0 455 384
0 591 490
0 591 410
0 375 453
0 676 536
0 676 431
0 676 438
0 676 377
0 387 536
0 390 536
0 536 377
0 453 445
0 375 687
0 398 635
0 562 514
0 559 393
0 559 395
0 362 420
0 678 366
0 710 468
0 710 444
0 522 468
0 429 529
0 529 444
0 542 564
0 424 397
0 360 563
0 411 451
0 479 454
0 576 451
0 563 438
0 449 399
0 764 366
0 383 402
0 432 449
0 461 402
0 449 402
0 440 402
0 460 572
0 440 625
0 600 377
0 572 462
0 389 377
0 476 498
0 409 426
0 449 434
0 428 644
0 487 418
0 361 436
0 557 576
0 557 542
0 557 437
0 567 542
0 479 542
0 435 542
0 478 676
0 479 676
0 479 440
0 449 599
0 676 428
0 676 401
0 676 474
0 480 593
0 383 608
0 372 616
0 480 665
0 665 438
0 520 445
0 557 366
0 510 366
0 392 469
0 392 732
0 496 732
0 496 514
0 732 428
0 514 387
0 525 377
0 401 747
0 407 377
0 415 387
0 658 420
0 375 651
0 567 426
0 510 426
0 390 426
0 369 520
0 521 746
0 385 746
0 388 378
0 375 628
0 611 424
0 507 426
0 468 658
0 658 513
0 572 393
0 476 467
0 448 428
0 508 431
0 485 375
0 399 388
0 533 408
0 593 377
0 504 406
0 450 487
0 411 495
0 474 447
0 476 675
0 371 397
0 371 675
0 531 517
0 384 747
0 872 431
0 387 747
0 726 746
0 655 436
0 707 398
0 507 524
0 549 431
0 667 443
0 579 467
0 393 599
0 599 514
0 496 377
0 567 572
0 510 599
0 414 500
0 500 401
0 500 406
0 368 496
0 476 469
0 414 618
0 469 450
0 469 497
0 469 618
0 450 545
0 450 497
0 451 618
0 545 618
0 417 497
0 497 618
0 618 387
0 642 387
0 451 370
0 545 370
0 504 362
0 708 547
0 411 493
0 658 399
0 451 390
0 399 659
0 443 659
0 415 406
0 450 367
0 476 484
0 579 412
0 452 408
0 435 409
0 404 402
0 497 587
0 500 402
0 476 660
0 476 661
0 429 436
0 435 446
0 746 445
0 360 709
0 508 709
0 660 709
0 660 454
0 375 709
0 709 661
0 709 454
0 661 454
0 392 470
0 400 388
0 546 401
0 513 388
0 545 398
0 545 563
0 545 397
0 557 428
0 384 605
0 521 472
0 467 420
0 435 677
0 414 446
0 454 446
0 707 386
0 538 570
0 404 420
0 480 547
0 660 449
0 449 661
0 451 538
0 496 386
0 428 470
0 470 386
0 361 418
0 468 490
0 427 388
0 554 630
0 496 431
0 525 441
0 484 449
0 484 417
0 427 797
0 469 462
0 510 367
0 764 397
0 793 397
0 545 564
0 558 390
0 583 390
0 432 428
0 540 786
0 444 378
0 468 640
0 468 566
0 427 647
0 547 445
0 586 387
0 545 388
0 428 397
0 393 542
0 444 454
0 428 655
0 396 387
0 433 545
0 387 644
0 417 446
0 383 413
0 414 413
0 455 478
0 455 376
0 413 729
0 443 729
0 610 438
0 468 497
0 449 497
0 576 593
0 533 421
0 610 520
0 452 437
0 435 378
0 677 438
0 731 887
0 757 887
0 606 414
0 606 454
0 386 495
0 413 449
0 413 797
0 566 377
0 369 448
0 426 447
0 521 426
0 383 363
0 383 365
0 764 600
0 600 426
0 476 410
0 484 387
0 376 465
0 390 405
0 471 405
0 434 387
0 463 520
0 428 408
0 384 611
0 383 546
0 387 657
0 681 418
0 546 566
0 441 436
0 441 474
0 438 426
0 588 409
0 371 797
0 500 375
0 500 397
0 413 427
0 411 406
0 463 434
0 433 497
0 531 497
0 497 547
0 466 547
0 428 659
0 387 659
0 476 509
0 476 586
0 509 538
0 509 497
0 509 405
0 469 384
0 496 687
0 538 520
0 401 651
0 520 370
0 660 377
0 661 377
0 695 491
0 497 398
0 384 563
0 516 454
0 417 454
0 374 520
0 414 509
0 545 498
0 428 745
0 415 427
0 376 630
0 383 531
0 890 458
0 496 570
0 469 454
0 616 746
0 387 594
0 722 445
0 461 400
0 458 758
0 521 563
0 525 435
0 375 523
0 640 444
0 414 572
0 368 391
0 376 515
0 588 402
0 372 410
0 369 445
0 369 409
0 439 405
0 442 405
0 540 411
0 411 541
0 412 368
0 412 467
0 412 390
0 428 446
0 484 610
0 525 417
0 399 610
0 400 417
0 610 513
0 610 443
0 610 410
0 417 513
0 550 603
0 569 420
0 476 747
0 375 607
0 520 747
0 508 502
0 420 725
0 461 490
0 515 377
0 676 421
0 606 660
0 606 661
0 376 709
0 764 390
0 375 871
0 557 414
0 414 567
0 371 405
0 497 599
0 707 397
0 707 406
0 484 419
0 490 462
0 377 410
0 414 676
0 568 436
0 428 406
0 611 431
0 420 444
0 519 446
0 482 387
0 561 491
0 364 426
0 588 410
0 490 426
0 503 408
0 708 384
0 375 394
0 522 478
0 478 510
0 392 557
0 587 506
0 435 467
0 401 536
0 467 406
0 599 438
0 707 385
0 376 481
0 440 400
0 363 436
0 610 378
0 413 466
0 557 374
0 567 374
0 510 374
0 374 438
0 496 571
0 375 866
0 608 406
0 467 471
0 710 443
0 468 398
0 496 444
0 383 439
0 383 442
0 439 389
0 373 366
0 600 726
0 442 389
0 375 695
0 460 661
0 661 462
0 676 497
0 469 423
0 371 729
0 413 471
0 448 409
0 514 583
0 514 444
0 476 466
0 401 514
0 466 438
0 588 420
0 476 614
0 376 674
0 398 657
0 428 746
0 401 391
0 562 545
0 469 863
0 414 611
0 532 401
0 676 437
0 392 709
0 414 709
0 496 388
0 567 366
0 482 366
0 461 560
0 560 546
0 364 401
0 371 472
0 487 435
0 549 423
0 403 362
0 383 579
0 427 467
0 478 446
0 450 566
0 413 420
0 432 549
0 373 431
0 383 647
0 375 618
0 516 406
0 401 618
0 557 454
0 436 388
0 667 917
0 667 377
0 479 564
0 503 410
0 508 513
0 642 438
0 480 381
0 504 418
0 376 407
0 567 454
0 510 454
0 441 410
0 611 390
0 588 408
0 401 675
0 479 529
0 722 410
0 414 444
0 376 609
0 455 452
0 452 547
0 468 368
0 439 403
0 403 442
0 568 377
0 581 844
0 844 518
0 451 583
0 521 446
0 522 576
0 522 471
0 427 381
0 655 390
0 645 421
0 521 608
0 557 427
0 449 746
0 481 536
0 485 427
0 427 572
0 479 452
0 576 452
0 452 471
0 703 420
0 531 564
0 461 448
0 449 448
0 469 426
0 496 421
0 532 421
0 411 547
0 523 576
0 676 447
0 476 732
0 544 495
0 384 400
0 611 655
0 746 498
0 764 447
0 383 410
0 465 420
0 451 435
0 567 564
0 393 364
0 448 603
0 521 616
0 610 599
0 559 438
0 460 520
0 520 462
0 379 435
0 435 381
0 400 435
0 546 437
0 414 453
0 655 446
0 607 426
0 764 388
0 695 366
0 632 410
0 567 566
0 474 454
0 392 572
0 484 421
0 678 490
0 610 436
0 557 677
0 567 677
0 510 677
0 376 632
0 616 793
0 493 367
0 576 566
0 417 547
0 509 610
0 504 435
0 415 436
0 570 495
0 372 509
0 509 369
0 458 520
0 466 571
0 710 599
0 469 610
0 476 439
0 476 442
0 545 583
0 616 389
0 817 387
0 383 747
0 423 520
0 571 520
0 470 454
0 417 498
0 571 426
0 496 643
0 466 618
0 375 407
0 653 420
0 466 687
0 360 510
0 647 397
0 697 376
0 599 495
0 401 515
0 635 421
0 417 424
0 480 781
0 383 456
0 388 635
0 408 506
0 369 443
0 449 729
0 364 699
0 469 583
0 871 364
0 372 608
0 509 570
0 449 408
0 676 564
0 871 376
0 538 443
0 709 398
